,Unnamed: 0,sc_gid,capacity_factor,global_horizontal_irradiance,capacity_mw,area_sq_km,latitude,longitude,distance_to_transmission_km,location,generation_mwh,realizable_mw,realizable/land,realizable per land
515,515,33501,0.181619003,4.386150837,3126.423825,97.70074453,37.766,-87.875,39.33228465,"(37.766, -87.875)",4974085.487735051,567.8179780519464,5.8118080960743566,5.8118080960743566
58,58,32911,0.181311801,4.369156361,3455.752866,107.9922771,37.969,-87.99,52.60051212,"(37.969, -87.99)",5488742.477281456,626.5687759453716,5.80197762998528,5.80197762998528
339,339,32912,0.181167528,4.371560574,3584.443134,112.0138479,37.961,-87.851,46.17128012,"(37.961, -87.851)",5688609.98814777,649.3847018433528,5.797360897940841,5.797360897940841
266,266,33500,0.181101233,4.373187065,2660.003803,83.12511885,37.774,-88.013,46.69315566,"(37.774, -88.013)",4219954.524129985,481.7299685079891,5.795239455564268,5.795239455564268
509,509,32914,0.181067601,4.364312172,1766.3832,55.199475,37.944,-87.574,8.401837977,"(37.944, -87.574)",2801752.5718033602,319.8347684707032,5.794163232,5.794163232
267,267,33200,0.180924565,4.368665218,3350.235178,104.6948493,37.88,-88.14,56.29188821,"(37.88, -88.14)",5309785.017911565,606.1398422273476,5.789586080691246,5.789586080691246
282,282,32625,0.180720791,4.359310627,3954.738684,123.5855839,38.059,-87.839,51.01816383,"(38.059, -87.839)",6260802.687776024,714.703503170779,5.783065310830149,5.783065310830149
510,510,33502,0.18065387,4.380242348,4032.734597,126.0229562,37.757,-87.737,32.07477881,"(37.757, -87.737)",6381915.017887037,728.5291116309404,5.780923837993101,5.780923837993101
268,268,33201,0.180576295,4.363963127,3204.735891,100.1479966,37.872,-88.001,49.13636646,"(37.872, -88.001)",5069406.162776661,578.6993336503039,5.778441439639381,5.778441439639381
513,513,33203,0.180435047,4.359962463,2553.762684,79.80508389,37.855,-87.725,35.55867131,"(37.855, -87.725)",4036505.419650022,460.7882899143861,5.773921502914744,5.773921502914744
343,343,32343,0.180369765,4.353957176,3785.704088,118.3032527,38.156,-87.827,56.43856014,"(38.156, -87.827)",5981560.636797989,682.8265567120993,5.7718324824394225,5.7718324824394225
507,507,33204,0.180301636,4.357871056,2581.520625,80.67251953,37.846,-87.587,29.38550387,"(37.846, -87.587)",4077362.9544039243,465.4523920552425,5.769652352089399,5.769652352089399
514,514,33202,0.180196896,4.354925156,2660.7528,83.148525,37.863,-87.863,42.17938329,"(37.863, -87.863)",4200064.3053097855,479.45939558330883,5.766300672,5.766300672
173,173,32627,0.18009685,4.344955921,2024.170509,63.25532842,38.041,-87.562,16.04179326,"(38.041, -87.562)",3193429.376996059,364.54673253379667,5.763099198747258,5.763099198747258
60,60,32342,0.179835021,4.335756779,3296.057316,103.0017911,38.165,-87.966,61.84296383,"(38.165, -87.966)",5192459.660966958,592.7465366400637,5.754720673396753,5.754720673396753
512,512,32915,0.17979309,4.341962337,1927.232367,60.22601147,37.935,-87.436,6.497975641,"(37.935, -87.436)",3035366.8267198694,346.50306241094404,5.753378879880588,5.753378879880588
171,171,32061,0.179755047,4.334596634,3773.057709,117.9080534,38.245,-87.676,58.06265548,"(38.245, -87.676)",5941261.212539464,678.2261658150073,5.752161504304907,5.752161504304907
59,59,32624,0.179659754,4.336403847,3000.654619,93.77045684,38.067,-87.978,56.88967203,"(38.067, -87.978)",4722488.587231292,539.0968706885037,5.749112128229915,5.749112128229915
61,61,32059,0.179452792,4.321053028,3286.091025,102.6903445,38.262,-87.954,67.25169616,"(38.262, -87.954)",5165756.312612953,589.6982092023918,5.742489345747514,5.742489345747514
174,174,32060,0.179430574,4.326364517,3655.380909,114.2306534,38.254,-87.815,62.38680482,"(38.254, -87.815)",5745570.949488883,655.8870946905118,5.741778368314156,5.741778368314156
421,421,31776,0.179188728,4.318784714,3534.497775,110.4530555,38.334,-87.525,61.59391284,"(38.334, -87.525)",5548077.325288663,633.3421604210802,5.734039294377693,5.734039294377693
508,508,32916,0.179050237,4.327976227,3283.814925,102.6192164,37.926,-87.298,14.80092951,"(37.926, -87.298)",5150598.283527993,587.9678405853873,5.729607584348961,5.729607584348961
337,337,32628,0.178958252,4.320996284,2786.132953,87.06665479,38.033,-87.423,37.45183604,"(38.033, -87.423)",4367748.992030269,498.60148310847813,5.726664063424483,5.726664063424483
67,67,32345,0.178958073,4.32346344,3961.477884,123.7961839,38.139,-87.55,47.65486818,"(38.139, -87.55)",6210300.807570156,708.9384483527575,5.72665833484353,5.72665833484353
341,341,31775,0.178895533,4.3154459,3764.796975,117.6499055,38.343,-87.664,64.78072211,"(38.343, -87.664)",5899906.966559655,673.5053614794127,5.724657054479425,5.724657054479425
422,422,32629,0.17885752,4.319931507,3582.937294,111.9667904,38.024,-87.285,35.1721661,"(38.024, -87.285)",5613717.041590273,640.8352787203509,5.723440641916899,5.723440641916899
73,73,31774,0.178802475,4.31115675,2944.040175,92.00125547,38.351,-87.803,2.825030894,"(38.351, -87.803)",4611278.627355434,526.4016697894331,5.72167919992226,5.72167919992226
72,72,31477,0.178628072,4.30747509,3578.642269,111.8325709,38.449,-87.791,75.17061105,"(38.449, -87.791)",5599794.687469176,639.2459688891754,5.716098304319457,5.716098304319457
417,417,31180,0.178290516,4.298704147,4089.652538,127.8016418,38.546,-87.779,81.85387091,"(38.546, -87.779)",6387321.248643991,729.1462612607296,5.705296512558022,5.705296512558022
335,335,30878,0.178234383,4.295816898,3683.084175,115.0963805,38.635,-87.627,74.34414674,"(38.635, -87.627)",5750521.582701336,656.452235468189,5.703500254451433,5.703500254451433
281,281,29975,0.178208783,4.279891968,3724.908778,116.4033993,38.919,-87.449,0.748551288,"(38.919, -87.449)",5814988.390593359,663.8114601133972,5.702681056612383,5.702681056612383
426,426,33207,0.178140774,4.34099102,3011.522794,94.1100873,37.82,-87.172,11.63170359,"(37.82, -87.172)",4699521.01263019,536.4750014418025,5.700504768757159,5.700504768757159
500,500,29368,0.177837998,4.26529026,3881.825775,121.3070555,39.131,-87.705,10.4937828,"(39.131, -87.705)",6047344.449838594,690.3361244107984,5.690815934533984,5.690815934533984
172,172,31181,0.177836999,4.291871071,3789.242269,118.4138209,38.538,-87.639,77.32840096,"(38.538, -87.639)",5903079.068761498,673.8674736029106,5.690783968300364,5.690783968300364
420,420,30574,0.177783519,4.283316612,3508.554488,109.6423277,38.732,-87.614,71.99257245,"(38.732, -87.614)",5464165.312083778,623.7631634798834,5.689072610594379,5.689072610594379
129,129,29059,0.177752495,4.260505199,3610.438313,112.8261973,39.219,-87.552,1.163871236,"(39.219, -87.552)",5621856.303251027,641.764418179341,5.688079839054728,5.688079839054728
425,425,31777,0.177626058,4.288873196,3269.789775,102.1809305,38.325,-87.386,59.23871532,"(38.325, -87.386)",5087806.8456243435,580.799868221957,5.684033854261652,5.684033854261652
460,460,30575,0.177618816,4.27800703,3424.908066,107.0283771,38.724,-87.474,64.61420568,"(38.724, -87.474)",5328954.292583904,608.3281155917699,5.683802110008542,5.683802110008542
511,511,32917,0.177594289,4.337132454,4043.449884,126.3578089,37.917,-87.159,7.208209065,"(37.917, -87.159)",6290499.999563546,718.0936072561125,5.68301724687561,5.68301724687561
418,418,30277,0.177593559,4.271885872,3822.38595,119.4495609,38.821,-87.462,62.90366191,"(38.821, -87.462)",5946560.652653161,678.8311247320961,5.68299388978412,5.68299388978412
167,167,30576,0.177587941,4.278334141,3807.551813,118.9859941,38.715,-87.335,57.37314899,"(38.715, -87.335)",5923295.511680227,676.175286721487,5.68281411468652,5.68281411468652
280,280,29974,0.177575931,4.268930912,3796.658072,118.6455647,38.927,-87.59,69.71107107,"(38.927, -87.59)",5905949.00437881,674.195091824065,5.682429794394708,5.682429794394708
423,423,32063,0.177572951,4.293800354,3596.612372,112.3941366,38.228,-87.398,51.88886865,"(38.228, -87.398)",5594670.995092552,638.6610724991498,5.6823344332639305,5.6823344332639305
71,71,31478,0.177513227,4.289938927,3641.1768,113.786775,38.44,-87.652,71.62260899,"(38.44, -87.652)",5662087.704086875,646.3570438455337,5.680423264,5.680423264
360,360,29669,0.177505821,4.268126488,3939.650663,123.1140832,39.016,-87.436,62.06703029,"(39.016, -87.436)",6125963.706407722,699.3109253890093,5.68018627286508,5.68018627286508
169,169,31182,0.177495003,4.283354282,3790.716975,118.4599055,38.529,-87.5,70.55794796,"(38.529, -87.5)",5894019.890644037,672.833320849776,5.679840094501645,5.679840094501645
459,459,29058,0.177475512,4.254799366,4126.414641,128.9504575,39.228,-87.693,6.641310423,"(39.228, -87.693)",6415276.947949356,732.3375511357713,5.679216385376308,5.679216385376308
455,455,28750,0.177164108,4.248520851,3450.483309,107.8276034,39.317,-87.539,1.506475076,"(39.317, -87.539)",5355003.747044971,611.3017976078734,5.669251456328606,5.669251456328606
170,170,32630,0.177150667,4.321741104,3963.924844,123.8726514,38.015,-87.146,34.48215401,"(38.015, -87.146)",6151376.507259646,702.211930052471,5.668821342855918,5.668821342855918
336,336,30278,0.177139848,4.263661385,3810.418959,119.0755925,38.812,-87.322,4.166360172,"(38.812, -87.322)",5912798.828470944,674.9770352135782,5.6684751345123745,5.6684751345123745
