,sc_gid,capacity_factor,global_horizontal_irradiance,capacity_mw,area_sq_km,latitude,longitude,distance_to_transmission_km,location
0,26860,0.17219688,4.141096115,4135.862531,129.2457041,39.73,-85.046,50.22276301,"(39.73, -85.046)"
1,28458,0.170573011,4.170156479,4070.183934,127.1932479,39.234,-84.987,30.84205133,"(39.234, -84.987)"
2,26542,0.172359139,4.12850523,4050.598894,126.5812154,39.827,-85.03,51.04886478,"(39.827, -85.03)"
3,26857,0.173938602,4.163230419,4074.255956,127.3204986,39.763,-85.472,35.11043817,"(39.763, -85.472)"
4,29381,0.173025489,4.195511341,3883.285294,121.3526654,38.997,-85.737,32.05159474,"(38.997, -85.737)"
5,28140,0.173983917,4.182090282,3914.044538,122.3138918,39.342,-85.111,38.12570355,"(39.342, -85.111)"
6,28764,0.172532022,4.186252117,4022.320022,125.6975007,39.181,-85.566,46.18803713,"(39.181, -85.566)"
7,27814,0.174503326,4.191608429,3411.2016,106.60005,39.493,-85.802,32.35899135,"(39.493, -85.802)"
8,25248,0.171835795,4.110422134,4105.077469,128.2836709,40.215,-84.963,57.70276145,"(40.215, -84.963)"
9,25244,0.171106473,4.096393585,3835.379869,119.8556209,40.259,-85.535,44.41232811,"(40.259, -85.535)"
10,23237,0.170234799,4.064229488,3182.797041,99.46240752,40.842,-85.439,44.69072249,"(40.842, -85.439)"
11,25897,0.17233184,4.119363785,3745.564538,117.0488918,40.044,-85.281,47.03934091,"(40.044, -85.281)"
12,25245,0.171185166,4.096244812,2626.51005,82.07843906,40.249,-85.392,49.53784504,"(40.249, -85.392)"
13,25572,0.172240674,4.117465496,2809.354894,87.79234043,40.152,-85.408,44.45894669,"(40.152, -85.408)"
14,23240,0.170449466,4.07387352,3748.249688,117.1328027,40.808,-85.006,67.64554311,"(40.808, -85.006)"
15,24579,0.172462597,4.116121769,4011.101775,125.3469305,40.475,-85.79,1.157255349,"(40.475, -85.79)"
16,24915,0.17125605,4.096714497,3924.925622,122.6539257,40.346,-85.376,55.21137729,"(40.346, -85.376)"
17,25247,0.171547323,4.105015755,4056.096263,126.7530082,40.227,-85.106,61.33002126,"(40.227, -85.106)"
18,22572,0.169429526,4.04943037,3958.256109,123.6955034,41.002,-84.972,68.68134559,"(41.002, -84.972)"
19,21587,0.168912441,4.02013731,3522.838838,110.0887137,41.326,-85.358,56.706224,"(41.326, -85.358)"
20,20229,0.16846922,4.002783775,2339.948756,73.12339863,41.692,-84.999,57.3142119,"(41.692, -84.999)"
21,21245,0.1686562,4.016375542,3360.206531,105.0064541,41.401,-85.05,71.50405928,"(41.401, -85.05)"
22,21244,0.168832511,4.017018318,3348.024131,104.6257541,41.412,-85.196,66.39454028,"(41.412, -85.196)"
23,21919,0.168869555,4.026756287,3719.061338,116.2206668,41.24,-85.519,46.01072213,"(41.24, -85.519)"
24,21589,0.168236405,4.011946678,3709.118334,115.9099479,41.304,-85.067,69.41055725,"(41.304, -85.067)"
25,20226,0.167479038,3.986901045,3240.173644,101.2554264,41.725,-85.438,39.03138192,"(41.725, -85.438)"
26,22897,0.16928947,4.045237541,3879.550181,121.2359432,40.96,-85.712,29.65129782,"(40.96, -85.712)"
27,20899,0.168044344,4.000396729,3023.028844,94.46965137,41.531,-85.471,51.22456787,"(41.531, -85.471)"
28,20223,0.16758582,3.986498594,3001.932394,93.8103873,41.757,-85.877,28.55222882,"(41.757, -85.877)"
29,19911,0.167738542,3.986119747,3165.106641,98.90958252,41.822,-85.421,33.91511161,"(41.822, -85.421)"
30,20228,0.167756766,3.989931822,2952.137644,92.25430137,41.703,-85.145,50.81829015,"(41.703, -85.145)"
31,20225,0.167592466,3.986932993,3156.594553,98.64357979,41.736,-85.584,34.20508532,"(41.736, -85.584)"
32,21586,0.167862207,4.003501415,3634.458356,113.5768236,41.337,-85.503,50.93140166,"(41.337, -85.503)"
33,19914,0.16816923,3.994366169,2490.118706,77.81620957,41.789,-84.982,53.94295451,"(41.789, -84.982)"
34,21240,0.168912068,4.021334171,3441.75885,107.5549641,41.455,-85.778,47.85599786,"(41.455, -85.778)"
35,20900,0.168306917,4.004000187,2780.850488,86.90157773,41.52,-85.325,55.63287283,"(41.52, -85.325)"
36,31787,0.175553948,4.2749753,1918.359956,59.94874863,38.219,-85.858,0.7119115,"(38.219, -85.858)"
37,30892,0.174503922,4.241540909,3925.184822,122.6620257,38.5,-85.673,45.69759757,"(38.5, -85.673)"
38,27501,0.17246297,4.148360729,4118.675091,128.7085966,39.547,-85.22,48.93674618,"(39.547, -85.22)"
39,28457,0.172793195,4.190274239,3968.442619,124.0138318,39.245,-85.128,38.43156323,"(39.245, -85.128)"
40,28765,0.173259988,4.195890903,3983.455463,124.4829832,39.17,-85.425,52.60130589,"(39.17, -85.425)"
41,27178,0.174370915,4.182526112,4079.846981,127.4952182,39.677,-85.629,29.26636101,"(39.677, -85.629)"
42,28139,0.173757061,4.17943716,3988.160044,124.6300014,39.353,-85.252,45.76784864,"(39.353, -85.252)"
43,27176,0.173664078,4.175453663,3790.51245,118.4535141,39.698,-85.913,15.88473205,"(39.698, -85.913)"
44,27815,0.174801424,4.193428993,4044.727913,126.3977473,39.483,-85.66,0.421413601,"(39.483, -85.66)"
45,27498,0.174496993,4.185009956,4118.501447,128.7031702,39.58,-85.645,32.7371774,"(39.58, -85.645)"
46,28766,0.170433372,4.180047512,4133.1384,129.160575,39.159,-85.284,47.42520465,"(39.159, -85.284)"
47,28453,0.174538061,4.203036785,4150.631869,129.7072459,39.288,-85.691,45.67812311,"(39.288, -85.691)"
48,20230,0.168592185,4.006604671,3210.643069,100.3325959,41.68,-84.853,64.10180333,"(41.68, -84.853)"
49,21923,0.16971992,4.049995422,4005.435825,125.1698695,41.196,-84.939,72.90232026,"(41.196, -84.939)"
50,20560,0.16849266,4.010771275,3209.186334,100.2870729,41.583,-84.87,67.84794306,"(41.583, -84.87)"
51,21924,0.169663176,4.04797554,4007.143913,125.2232473,41.185,-84.794,80.05338375,"(41.185, -84.794)"
52,21590,0.169237852,4.028866768,3919.874006,122.4960627,41.293,-84.922,76.11000392,"(41.293, -84.922)"
53,21247,0.169517919,4.034633636,3910.003397,122.1876062,41.378,-84.759,82.91768762,"(41.378, -84.759)"
54,21246,0.168634653,4.017617226,3889.345359,121.5420425,41.39,-84.904,77.03373646,"(41.39, -84.904)"
55,21591,0.169396639,4.036645889,4025.995397,125.8123562,41.281,-84.776,83.0022652,"(41.281, -84.776)"
56,19915,0.168158859,3.994070768,3221.252044,100.6641264,41.777,-84.836,61.08834995,"(41.777, -84.836)"
57,22573,0.169923022,4.061548233,4086.034116,127.6885661,40.991,-84.828,76.197489,"(40.991, -84.828)"
58,32911,0.181311801,4.369156361,3455.752866,107.9922771,37.969,-87.99,52.60051212,"(37.969, -87.99)"
59,32624,0.179659754,4.336403847,3000.654619,93.77045684,38.067,-87.978,56.88967203,"(38.067, -87.978)"
60,32342,0.179835021,4.335756779,3296.057316,103.0017911,38.165,-87.966,61.84296383,"(38.165, -87.966)"
61,32059,0.179452792,4.321053028,3286.091025,102.6903445,38.262,-87.954,67.25169616,"(38.262, -87.954)"
62,21907,0.171872795,4.077283859,3765.341447,117.6669202,41.359,-87.265,26.07020105,"(41.359, -87.265)"
63,22885,0.172824755,4.100323677,4140.188438,129.3808887,41.076,-87.451,57.24265996,"(41.076, -87.451)"
64,21228,0.172046661,4.070280075,10.16582432,0.31768201,41.571,-87.531,0.653967928,"(41.571, -87.531)"
65,29976,0.176983654,4.261443138,3937.048538,123.0327668,38.91,-87.309,0.450083553,"(38.91, -87.309)"
66,32349,0.175589919,4.291538239,3554.0208,111.06315,38.103,-86.995,42.91385064,"(38.103, -86.995)"
67,32345,0.178958073,4.32346344,3961.477884,123.7961839,38.139,-87.55,47.65486818,"(38.139, -87.55)"
68,29977,0.17590408,4.262322903,3950.581106,123.4556596,38.901,-87.168,46.74222475,"(38.901, -87.168)"
69,32348,0.17601645,4.293955803,3937.069041,123.0334075,38.112,-87.133,42.09584223,"(38.112, -87.133)"
70,31481,0.17615509,4.25953722,3411.406631,106.6064572,38.414,-87.234,62.36180772,"(38.414, -87.234)"
71,31478,0.177513227,4.289938927,3641.1768,113.786775,38.44,-87.652,71.62260899,"(38.44, -87.652)"
72,31477,0.178628072,4.30747509,3578.642269,111.8325709,38.449,-87.791,75.17061105,"(38.449, -87.791)"
73,31774,0.178802475,4.31115675,2944.040175,92.00125547,38.351,-87.803,2.825030894,"(38.351, -87.803)"
74,24575,0.172021851,4.111766338,4146.995475,129.5936086,40.516,-86.365,33.26922492,"(40.516, -86.365)"
75,26209,0.174548328,4.170445442,4150.663003,129.7082188,40.04,-86.58,28.83979374,"(40.04, -86.58)"
76,24574,0.172409207,4.118099689,4134.595134,129.2060979,40.525,-86.508,34.47737566,"(40.525, -86.508)"
77,24577,0.172041133,4.105508327,3057.764175,95.55513047,40.496,-86.077,36.07002458,"(40.496, -86.077)"
78,23563,0.171896383,4.094552994,3923.585578,122.6120493,40.836,-86.754,26.36106542,"(40.836, -86.754)"
79,25236,0.172870159,4.129665375,3896.325788,121.7601809,40.341,-86.681,48.68573598,"(40.341, -86.681)"
80,25566,0.173966438,4.1511693,4163.781206,130.1181627,40.214,-86.265,29.41692041,"(40.214, -86.265)"
81,23904,0.171000615,4.085446358,3993.092438,124.7841387,40.7,-86.191,19.04592946,"(40.7, -86.191)"
82,26210,0.174118042,4.160591125,3361.997897,105.0624343,40.03,-86.437,11.43078682,"(40.03, -86.437)"
83,23903,0.171245337,4.090002537,3659.707069,114.3658459,40.71,-86.335,17.99622865,"(40.71, -86.335)"
84,29983,0.172886863,4.2185812,4083.589688,127.6121777,38.844,-86.327,3.148295308,"(38.844, -86.327)"
85,29379,0.173380211,4.23261261,3942.416306,123.2005096,39.018,-86.018,18.6351203,"(39.018, -86.018)"
86,30890,0.173863366,4.238482952,4135.559288,129.2362277,38.521,-85.952,34.24476491,"(38.521, -85.952)"
87,31781,0.17468594,4.258661747,3916.084219,122.3776318,38.289,-86.829,54.40395083,"(38.289, -86.829)"
88,32634,0.173557952,4.300182819,404.8004109,12.65001284,37.977,-86.593,8.411272523,"(37.977, -86.593)"
89,31782,0.174637154,4.255526066,2560.030313,80.00094727,38.279,-86.69,51.566993,"(38.279, -86.69)"
90,32068,0.174889863,4.269212723,2849.476219,89.04613184,38.182,-86.704,55.10570311,"(38.182, -86.704)"
91,30286,0.172776714,4.222738743,3995.440931,124.8575291,38.736,-86.202,12.78490234,"(38.736, -86.202)"
92,29984,0.173515037,4.234926224,3818.902444,119.3407014,38.833,-86.187,7.596696594,"(38.833, -86.187)"
93,32632,0.176567629,4.315333366,3817.487475,119.2964836,37.996,-86.87,5.118943671,"(37.996, -86.87)"
94,32635,0.171931848,4.299568653,3285.531113,102.6728473,37.967,-86.455,51.94864988,"(37.967, -86.455)"
95,32067,0.175412863,4.282450676,4024.025831,125.7508072,38.191,-86.843,52.24397786,"(38.191, -86.843)"
96,25892,0.173116654,4.143052101,2527.124822,78.97265068,40.097,-85.994,20.21251739,"(40.097, -85.994)"
97,25562,0.17400001,4.156193256,4138.426181,129.3258182,40.253,-86.838,49.69910333,"(40.253, -86.838)"
98,25563,0.173971981,4.152977943,4007.128219,125.2227568,40.244,-86.695,43.54820116,"(40.244, -86.695)"
99,26529,0.174872205,4.178728104,4124.704022,128.8970007,39.962,-86.879,41.71603656,"(39.962, -86.879)"
100,24241,0.171629027,4.102856636,4052.426203,126.6383188,40.603,-86.206,0.578262935,"(40.603, -86.206)"
101,23230,0.171042129,4.077723503,4141.311047,129.4159702,40.914,-86.45,9.314207575,"(40.914, -86.45)"
102,23227,0.172857538,4.104300976,4167.710719,130.24096,40.943,-86.884,31.98998706,"(40.943, -86.884)"
103,24910,0.172890753,4.124482155,3682.174444,115.0679514,40.398,-86.092,42.75325176,"(40.398, -86.092)"
104,25238,0.173576087,4.137760639,4120.598334,128.7686979,40.321,-86.394,39.5914871,"(40.321, -86.394)"
105,23562,0.172325939,4.101561069,4129.535419,129.0479818,40.845,-86.898,5.941622033,"(40.845, -86.898)"
106,28769,0.168415532,4.16527462,2869.971244,89.68660137,39.125,-84.863,3.095044407,"(39.125, -84.863)"
107,27504,0.172884941,4.162031174,3706.681753,115.8338048,39.513,-84.796,28.67121767,"(39.513, -84.796)"
108,26861,0.173667446,4.167889118,4056.705534,126.7720479,39.719,-84.904,44.54238267,"(39.719, -84.904)"
109,27183,0.173109844,4.15919733,3846.719869,120.2099959,39.622,-84.921,39.46477771,"(39.622, -84.921)"
110,26543,0.173100844,4.143396378,2840.458894,88.76434043,39.816,-84.888,43.41063107,"(39.816, -84.888)"
111,29078,0.168864369,4.176614285,3758.75235,117.4610109,39.028,-84.879,4.462345002,"(39.028, -84.879)"
112,26221,0.172295138,4.122834206,4038.838959,126.2137175,39.913,-84.871,43.49646122,"(39.913, -84.871)"
113,27184,0.172871292,4.155872822,3759.016613,117.4692691,39.61,-84.779,33.86339015,"(39.61, -84.779)"
114,27821,0.173124388,4.17094326,3995.339934,124.8543729,39.416,-84.813,24.79112197,"(39.416, -84.813)"
115,26862,0.173540831,4.16547966,4190.968603,130.9677688,39.707,-84.763,37.19553314,"(39.707, -84.763)"
116,24580,0.170811832,4.082166195,3668.034881,114.62609,40.464,-85.647,49.73683256,"(40.464, -85.647)"
117,22887,0.172620177,4.096962452,4077.908044,127.4346264,41.058,-87.16,47.37742793,"(41.058, -87.16)"
118,21573,0.171784684,4.070714474,622.5258164,19.45393176,41.465,-87.398,1.088963589,"(41.465, -87.398)"
119,21575,0.170605525,4.052431583,2637.823978,82.43199932,41.447,-87.106,27.19818839,"(41.447, -87.106)"
120,21908,0.171603963,4.070544243,4023.030291,125.7196966,41.35,-87.12,36.32295172,"(41.35, -87.12)"
121,21906,0.172004253,4.075885296,2852.781019,89.14940684,41.368,-87.411,22.01368557,"(41.368, -87.411)"
122,22556,0.172377318,4.089600086,3838.72365,119.9601141,41.164,-87.292,45.31250156,"(41.164, -87.292)"
123,21231,0.169307932,4.024857521,2130.315694,66.57236543,41.544,-87.092,0.915398378,"(41.544, -87.092)"
124,23223,0.17349942,4.117456436,3871.96605,120.9989391,40.979,-87.464,62.57435855,"(40.979, -87.464)"
125,20887,0.170876756,4.057798386,241.8958055,7.559243921,41.65,-87.225,3.201631573,"(41.65, -87.225)"
126,21230,0.170530215,4.048248768,696.9862687,21.7808209,41.553,-87.238,2.574328597,"(41.553, -87.238)"
127,22886,0.172852725,4.103667736,4013.219419,125.4131068,41.067,-87.306,55.04739264,"(41.067, -87.306)"
128,20888,0.170380265,4.050771713,875.9327344,27.37289795,41.641,-87.078,1.198157065,"(41.641, -87.078)"
129,29059,0.177752495,4.260505199,3610.438313,112.8261973,39.219,-87.552,1.163871236,"(39.219, -87.552)"
130,27485,0.174822792,4.189669132,3927.582422,122.7369507,39.706,-87.488,52.02735177,"(39.706, -87.488)"
131,24233,0.173935682,4.137859344,4141.59075,129.4247109,40.679,-87.359,60.54883646,"(40.679, -87.359)"
132,21917,0.168908164,4.024910927,2523.239353,78.85122979,41.261,-85.81,25.78414606,"(41.261, -85.81)"
133,27182,0.172878295,4.161125183,3943.038488,123.2199527,39.633,-85.062,45.58966944,"(39.633, -85.062)"
134,27500,0.174346,4.178789616,4190.561578,130.9550493,39.558,-85.362,46.31025473,"(39.558, -85.362)"
135,28136,0.175093308,4.201553822,4140.836438,129.4011387,39.386,-85.676,43.06769888,"(39.386, -85.676)"
136,26219,0.173132256,4.137081623,4125.323419,128.9163568,39.936,-85.155,51.77556301,"(39.936, -85.155)"
137,27818,0.172402829,4.150763035,4069.237753,127.1636798,39.45,-85.236,46.75665148,"(39.45, -85.236)"
138,27496,0.173606694,4.182261944,4125.862575,128.9332055,39.601,-85.928,21.65463858,"(39.601, -85.928)"
139,29071,0.1734972,4.205195904,3881.525063,121.2976582,39.105,-85.862,29.44671148,"(39.105, -85.862)"
140,26218,0.173188388,4.139453888,3829.545338,119.6732918,39.947,-85.298,44.33158079,"(39.947, -85.298)"
141,28767,0.16996412,4.186783791,4121.896866,128.8092771,39.148,-85.144,40.12650223,"(39.148, -85.144)"
142,23909,0.170233056,4.072256088,4127.034291,128.9698216,40.648,-85.471,48.09200334,"(40.648, -85.471)"
143,24246,0.170417756,4.074261189,4166.803266,130.2126021,40.551,-85.487,51.43861201,"(40.551, -85.487)"
144,25893,0.172598854,4.133399963,3866.631694,120.8322404,40.087,-85.852,23.13229653,"(40.087, -85.852)"
145,24243,0.171250686,4.091481209,4123.262981,128.8519682,40.582,-85.918,1.288301922,"(40.582, -85.918)"
146,24913,0.171975568,4.105480194,4042.016691,126.3130216,40.367,-85.662,46.99542074,"(40.367, -85.662)"
147,22246,0.169562474,4.047498226,172.4690918,5.389659119,41.11,-85.1,2.728045282,"(41.11, -85.1)"
148,21243,0.168473795,4.012035847,3373.184756,105.4120236,41.423,-85.341,61.75247602,"(41.423, -85.341)"
149,22247,0.169928819,4.055118561,3551.325019,110.9789068,41.099,-84.956,70.38350678,"(41.099, -84.956)"
150,20559,0.168699011,4.012934685,2776.734422,86.77295068,41.595,-85.016,61.45827449,"(41.595, -85.016)"
151,20556,0.167789474,3.99353838,3529.096088,110.2842527,41.628,-85.454,44.90325512,"(41.628, -85.454)"
152,30590,0.173288539,4.217615128,3822.930422,119.4665757,38.576,-85.379,47.79466571,"(38.576, -85.379)"
153,32073,0.174811646,4.288165569,1883.616778,58.86302432,38.122,-85.872,4.141576666,"(38.122, -85.872)"
154,29684,0.171496138,4.188250065,3420.929194,106.9040373,38.867,-85.332,52.97677923,"(38.867, -85.332)"
155,29685,0.170197144,4.195389271,4101.570422,128.1740757,38.856,-85.192,52.11760552,"(38.856, -85.192)"
156,23576,0.170493096,4.076071739,4053.136219,126.6605068,40.7,-84.879,75.93784587,"(40.7, -84.879)"
157,24250,0.170987502,4.086918831,3928.023113,122.7507223,40.506,-84.913,71.44878773,"(40.506, -84.913)"
158,23241,0.170090899,4.064631462,3660.637556,114.3949236,40.797,-84.862,75.28062626,"(40.797, -84.862)"
159,25900,0.173380509,4.139846802,4023.266203,125.7270688,40.01,-84.854,44.87560603,"(40.01, -84.854)"
160,24585,0.171065122,4.092582226,3640.998094,113.7811904,40.409,-84.93,66.31180503,"(40.409, -84.93)"
161,25249,0.172188461,4.117222309,4118.239463,128.6949832,40.204,-84.82,51.08819583,"(40.204, -84.82)"
162,25576,0.172956914,4.1320014,4090.608844,127.8315264,40.107,-84.837,47.46764274,"(40.107, -84.837)"
163,24251,0.170777932,4.085042,3780.548691,118.1421466,40.495,-84.769,66.22335779,"(40.495, -84.769)"
164,24586,0.170683622,4.08692646,4065.370763,127.0428363,40.398,-84.786,60.63145326,"(40.398, -84.786)"
165,24919,0.171500191,4.099448204,4172.391506,130.3872346,40.301,-84.803,55.53672282,"(40.301, -84.803)"
166,21572,0.171931684,4.067478657,1167.413513,36.48167227,41.473,-87.544,3.301069465,"(41.473, -87.544)"
167,30576,0.177587941,4.278334141,3807.551813,118.9859941,38.715,-87.335,57.37314899,"(38.715, -87.335)"
168,32631,0.176599145,4.319564342,3941.530116,123.1728161,38.006,-87.008,0.936261314,"(38.006, -87.008)"
169,31182,0.177495003,4.283354282,3790.716975,118.4599055,38.529,-87.5,70.55794796,"(38.529, -87.5)"
170,32630,0.177150667,4.321741104,3963.924844,123.8726514,38.015,-87.146,34.48215401,"(38.015, -87.146)"
171,32061,0.179755047,4.334596634,3773.057709,117.9080534,38.245,-87.676,58.06265548,"(38.245, -87.676)"
172,31181,0.177836999,4.291871071,3789.242269,118.4138209,38.538,-87.639,77.32840096,"(38.538, -87.639)"
173,32627,0.18009685,4.344955921,2024.170509,63.25532842,38.041,-87.562,16.04179326,"(38.041, -87.562)"
174,32060,0.179430574,4.326364517,3655.380909,114.2306534,38.254,-87.815,62.38680482,"(38.254, -87.815)"
175,30577,0.175810203,4.264938354,3692.889731,115.4028041,38.706,-87.195,50.18121862,"(38.706, -87.195)"
176,24907,0.172877178,4.127937317,4140.870356,129.4021986,40.428,-86.523,41.91605036,"(40.428, -86.523)"
177,29679,0.172513619,4.21932745,3740.548866,116.8921521,38.921,-86.032,15.12734532,"(38.921, -86.032)"
178,31192,0.174603686,4.25975275,4113.301753,128.5406798,38.424,-85.967,40.35056461,"(38.424, -85.967)"
179,29382,0.173064291,4.192021847,3728.11005,116.5034391,38.986,-85.597,39.25884384,"(38.986, -85.597)"
180,31486,0.173788458,4.248239517,1905.345534,59.54204795,38.357,-86.398,31.06625996,"(38.357, -86.398)"
181,29388,0.168555975,4.175220013,3754.960538,117.3425168,38.919,-84.756,31.7717014,"(38.919, -84.756)"
182,29688,0.168611914,4.17826128,3773.0367,117.9073969,38.822,-84.773,38.67409483,"(38.822, -84.773)"
183,29687,0.169821173,4.197372913,4008.771506,125.2741096,38.834,-84.912,42.20473132,"(38.834, -84.912)"
184,29387,0.169334322,4.18196249,3865.361513,120.7925473,38.931,-84.896,36.02372293,"(38.931, -84.896)"
185,32919,0.176501542,4.319804192,3865.672603,120.8022688,37.899,-86.883,31.20986554,"(37.899, -86.883)"
186,32920,0.176168963,4.308831215,3707.755003,115.8673438,37.889,-86.745,5.12990657,"(37.889, -86.745)"
187,32921,0.174967393,4.306464195,2561.940394,80.0606373,37.88,-86.607,41.18334111,"(37.88, -86.607)"
188,32922,0.172010362,4.301640034,4070.422378,127.2006993,37.87,-86.469,47.24013093,"(37.87, -86.469)"
189,33211,0.176023662,4.314414024,3954.098531,123.5655791,37.782,-86.62,36.67799727,"(37.782, -86.62)"
190,27172,0.174021378,4.181276321,2948.189906,92.13093457,39.738,-86.48,21.21915089,"(39.738, -86.48)"
191,28128,0.174333215,4.198993683,3588.924713,112.1538973,39.466,-86.806,47.47348213,"(39.466, -86.806)"
192,26850,0.174279019,4.173863411,2985.2712,93.289725,39.836,-86.466,18.72646963,"(39.836, -86.466)"
193,28757,0.173976913,4.204052925,3558.372778,111.1991493,39.252,-86.551,31.3329705,"(39.252, -86.551)"
194,29674,0.173907101,4.215327263,4089.878072,127.8086897,38.97,-86.734,24.03645533,"(38.97, -86.734)"
195,28451,0.174359769,4.20473814,3840.499069,120.0155959,39.309,-85.973,37.50659116,"(39.309, -85.973)"
196,27171,0.17452915,4.187463284,3772.775222,117.8992257,39.748,-86.623,28.18806073,"(39.748, -86.623)"
197,27491,0.174333736,4.199142456,4076.663681,127.39574,39.651,-86.637,31.79315699,"(39.651, -86.637)"
198,28448,0.173433959,4.184524536,2713.525819,84.79768184,39.34,-86.396,35.62301031,"(39.34, -86.396)"
199,22236,0.170095876,4.046333313,3546.146588,110.8170809,41.215,-86.551,25.77336123,"(41.215, -86.551)"
200,20548,0.168481782,4.007498741,3152.854378,98.52669932,41.71,-86.625,7.345027014,"(41.71, -86.625)"
201,21234,0.16895774,4.016891956,3715.165491,116.0989216,41.516,-86.654,49.11867831,"(41.516, -86.654)"
202,21916,0.169151336,4.028872013,3623.037863,113.2199332,41.272,-85.955,30.77741903,"(41.272, -85.955)"
203,21915,0.169750601,4.043028355,3935.265019,122.9770318,41.282,-86.1,28.11758478,"(41.282, -86.1)"
204,22240,0.169272915,4.037838459,3962.906269,123.8408209,41.175,-85.97,24.23338287,"(41.175, -85.97)"
205,21233,0.169314086,4.02598238,3855.784022,120.4932507,41.525,-86.8,51.28005063,"(41.525, -86.8)"
206,22239,0.169492975,4.040792465,3743.931375,116.9978555,41.185,-86.116,20.72389064,"(41.185, -86.116)"
207,20219,0.167063162,3.980045557,3344.418619,104.5130818,41.797,-86.463,0.294592411,"(41.797, -86.463)"
208,20222,0.167726889,3.986991882,2572.347375,80.38585547,41.767,-86.024,9.569036872,"(41.767, -86.024)"
209,26845,0.17467688,4.174717903,3796.012603,118.6253938,39.883,-87.178,56.87509278,"(39.883, -87.178)"
210,27802,0.174887002,4.196534634,3876.208931,121.1315291,39.609,-87.501,54.00703522,"(39.609, -87.501)"
211,29370,0.176355451,4.241207123,3561.208538,111.2877668,39.113,-87.424,63.05564839,"(39.113, -87.424)"
212,27803,0.174211353,4.183254719,3519.7416,109.991925,39.6,-87.359,61.30122245,"(39.6, -87.359)"
213,29373,0.17351158,4.219667435,3873.925491,121.0601716,39.086,-87.001,40.67770552,"(39.086, -87.001)"
214,29369,0.176576406,4.244156837,3789.700931,118.4281541,39.122,-87.565,70.60504312,"(39.122, -87.565)"
215,27805,0.173619375,4.183374882,3990.624975,124.7070305,39.582,-87.076,55.44640177,"(39.582, -87.076)"
216,26203,0.174682304,4.174759388,3935.576109,122.9867534,40.095,-87.437,54.80873781,"(40.095, -87.437)"
217,30280,0.174486697,4.246802807,4020.845063,125.6514082,38.794,-87.041,40.44363511,"(38.794, -87.041)"
218,28142,0.173220024,4.178076267,3919.953994,122.4985623,39.319,-84.83,22.89860311,"(39.319, -84.83)"
219,28459,0.170693263,4.177952766,3543.124022,110.7226257,39.222,-84.846,10.83731384,"(39.222, -84.846)"
220,26541,0.173373461,4.148087025,4090.183594,127.8182373,39.838,-85.172,50.50452726,"(39.838, -85.172)"
221,27177,0.173693627,4.17113781,4032.524756,126.0163986,39.688,-85.771,22.24463628,"(39.688, -85.771)"
222,28456,0.172663257,4.178142071,3687.197709,115.2249284,39.256,-85.268,45.98971097,"(39.256, -85.268)"
223,26540,0.173888505,4.155290127,4052.825381,126.6507932,39.85,-85.314,42.88794267,"(39.85, -85.314)"
224,26858,0.173826098,4.161629677,4131.959091,129.1237216,39.752,-85.33,42.75066448,"(39.752, -85.33)"
225,29380,0.173059031,4.207003117,3235.489819,101.1090568,39.007,-85.877,25.07944051,"(39.007, -85.877)"
226,28763,0.173715115,4.205711365,4160.037994,130.0011873,39.191,-85.706,40.22499185,"(39.191, -85.706)"
227,26855,0.173834339,4.159924507,3411.597994,106.6124373,39.785,-85.756,19.87183053,"(39.785, -85.756)"
228,28452,0.174755245,4.206353664,3818.065106,119.3145346,39.299,-85.832,41.11104459,"(39.299, -85.832)"
229,29988,0.1737822,4.210680962,4080.925294,127.5289154,38.792,-85.628,37.60976393,"(38.792, -85.628)"
230,30291,0.173701957,4.218462467,3868.287638,120.8839887,38.684,-85.503,5.748083434,"(38.684, -85.503)"
231,30891,0.17488113,4.242967606,3800.299781,118.7593682,38.511,-85.813,39.60111726,"(38.511, -85.813)"
232,30288,0.17319034,4.219688892,3663.099956,114.4718736,38.716,-85.922,24.67098663,"(38.716, -85.922)"
233,29686,0.170000002,4.198899269,4030.878938,125.9649668,38.845,-85.052,46.80329803,"(38.845, -85.052)"
234,31492,0.174350232,4.24771595,632.3624438,19.76132637,38.295,-85.565,3.207066198,"(38.295, -85.565)"
235,29992,0.169276103,4.187812328,3785.315288,118.2911027,38.748,-85.068,52.83604954,"(38.748, -85.068)"
236,30294,0.169502512,4.20571661,3956.107331,123.6283541,38.651,-85.085,46.29055689,"(38.651, -85.085)"
237,30292,0.173038378,4.215581894,4036.376306,126.1367596,38.673,-85.364,0.280754336,"(38.673, -85.364)"
238,30589,0.17468366,4.243227005,4116.482269,128.6400709,38.587,-85.519,12.85177623,"(38.587, -85.519)"
239,31193,0.175275251,4.253427982,3485.579091,108.9243466,38.413,-85.828,45.04939723,"(38.413, -85.828)"
240,23573,0.170981362,4.083898544,4144.082006,129.5025627,40.734,-85.311,53.27198827,"(40.734, -85.311)"
241,26216,0.173010945,4.139801979,4051.062619,126.5957068,39.968,-85.582,29.9168077,"(39.968, -85.582)"
242,25246,0.171862677,4.109449863,3867.790247,120.8684452,40.238,-85.249,2.96765072,"(40.238, -85.249)"
243,24249,0.170780331,4.083922386,4004.0568,125.126775,40.517,-85.056,72.30606924,"(40.517, -85.056)"
244,26217,0.172378436,4.126093864,3796.2432,118.6326,39.958,-85.44,37.04534175,"(39.958, -85.44)"
245,23570,0.169807211,4.060559273,4059.546356,126.8608236,40.766,-85.743,31.09237439,"(40.766, -85.743)"
246,25898,0.172480807,4.123389244,4067.07885,127.0962141,40.033,-85.139,54.05782577,"(40.033, -85.139)"
247,25242,0.172139302,4.11675787,3787.660997,118.3644062,40.281,-85.821,37.05600511,"(40.281, -85.821)"
248,26214,0.173327073,4.145769119,3336.1632,104.2551,39.989,-85.867,17.04232242,"(39.989, -85.867)"
249,25569,0.172153294,4.119936466,3973.079869,124.1587459,40.184,-85.836,29.94091161,"(40.184, -85.836)"
250,21588,0.167943463,4.007456779,3776.7384,118.023075,41.315,-85.212,62.93251679,"(41.315, -85.212)"
251,21918,0.169055507,4.026661873,3681.707934,115.0533729,41.251,-85.664,40.14384593,"(41.251, -85.664)"
252,21921,0.16924794,4.036121845,3659.873119,114.371035,41.218,-85.229,58.99626893,"(41.218, -85.229)"
253,20224,0.167218119,3.980491638,2903.967956,90.74899863,41.746,-85.731,30.59753304,"(41.746, -85.731)"
254,20898,0.167869359,4.002222538,3854.309063,120.4471582,41.542,-85.616,47.65221645,"(41.542, -85.616)"
255,22241,0.168826357,4.030636787,3716.596153,116.1436298,41.164,-85.825,29.30434288,"(41.164, -85.825)"
256,20227,0.167858168,3.993745327,2859.432131,89.3572541,41.714,-85.292,44.64211399,"(41.714, -85.292)"
257,22569,0.168649599,4.030510902,4094.984363,127.9682613,41.035,-85.406,2.703718085,"(41.035, -85.406)"
258,30289,0.173105776,4.213944912,3613.527956,112.9227486,38.705,-85.783,31.72028915,"(38.705, -85.783)"
259,30894,0.174039632,4.232342243,3947.543353,123.3607298,38.479,-85.395,42.44309406,"(38.479, -85.395)"
260,30893,0.174323082,4.239738941,3802.393884,118.8248089,38.489,-85.534,48.4218887,"(38.489, -85.534)"
261,31491,0.174037129,4.23879528,1038.692173,32.4591304,38.306,-85.704,4.080885408,"(38.306, -85.704)"
262,29987,0.173213661,4.207049847,4051.524066,126.6101271,38.803,-85.767,30.03016204,"(38.803, -85.767)"
263,31490,0.176138043,4.267186642,2080.398684,65.01245889,38.316,-85.843,6.630468855,"(38.316, -85.843)"
264,30293,0.169726849,4.20066452,3836.038247,119.8761952,38.662,-85.224,49.546719,"(38.662, -85.224)"
265,32357,0.173751518,4.272010326,2468.786597,77.14958115,38.024,-85.887,0.476346184,"(38.024, -85.887)"
266,33500,0.181101233,4.373187065,2660.003803,83.12511885,37.774,-88.013,46.69315566,"(37.774, -88.013)"
267,33200,0.180924565,4.368665218,3350.235178,104.6948493,37.88,-88.14,56.29188821,"(37.88, -88.14)"
268,33201,0.180576295,4.363963127,3204.735891,100.1479966,37.872,-88.001,49.13636646,"(37.872, -88.001)"
269,23895,0.174021482,4.137105465,4057.205709,126.7876784,40.785,-87.49,65.03643674,"(40.785, -87.49)"
270,26526,0.174556404,4.170958519,4115.142225,128.5981945,39.989,-87.307,59.97901499,"(39.989, -87.307)"
271,25884,0.174753085,4.175820827,4179.351431,130.6047322,40.175,-87.138,60.14530293,"(40.175, -87.138)"
272,25885,0.17451869,4.170916557,4176.502509,130.5157034,40.165,-86.995,52.95073036,"(40.165, -86.995)"
273,24902,0.17382215,4.147006035,4110.497381,128.4530432,40.475,-87.241,62.47610598,"(40.475, -87.241)"
274,25882,0.174304575,4.1595397,4048.400756,126.5125236,40.192,-87.424,58.03354884,"(40.192, -87.424)"
275,24232,0.173681498,4.136045456,4184.664778,130.7707743,40.687,-87.503,67.56708413,"(40.687, -87.503)"
276,24567,0.17386359,4.143056393,4055.647978,126.7389993,40.59,-87.516,70.82251239,"(40.59, -87.516)"
277,24900,0.173999995,4.150354862,4089.048581,127.7827682,40.493,-87.529,66.65964907,"(40.493, -87.529)"
278,24901,0.173509791,4.13985157,4190.463113,130.9519723,40.484,-87.385,68.44744544,"(40.484, -87.385)"
279,31482,0.175551832,4.277735233,3695.354663,115.4798332,38.405,-87.094,56.82388119,"(38.405, -87.094)"
280,29974,0.177575931,4.268930912,3796.658072,118.6455647,38.927,-87.59,69.71107107,"(38.927, -87.59)"
281,29975,0.178208783,4.279891968,3724.908778,116.4033993,38.919,-87.449,0.748551288,"(38.919, -87.449)"
282,32625,0.180720791,4.359310627,3954.738684,123.5855839,38.059,-87.839,51.01816383,"(38.059, -87.839)"
283,31483,0.174670815,4.263913631,3261.728756,101.9290236,38.395,-86.955,51.92295839,"(38.395, -86.955)"
284,21232,0.170027286,4.043581963,3750.452888,117.2016527,41.535,-86.946,11.17390908,"(41.535, -86.946)"
285,21237,0.168885246,4.022859097,3799.910981,118.7472182,41.486,-86.216,8.045232332,"(41.486, -86.216)"
286,21580,0.168952614,4.020944595,3721.518675,116.2974586,41.399,-86.377,9.738598448,"(41.399, -86.377)"
287,21579,0.169001549,4.023229599,3895.441622,121.7325507,41.409,-86.522,38.76144066,"(41.409, -86.522)"
288,20218,0.168862656,4.009802341,3368.524219,105.2663818,41.807,-86.61,44.46778908,"(41.807, -86.61)"
289,22237,0.169661835,4.040576458,3549.979913,110.9368723,41.205,-86.406,21.65346829,"(41.205, -86.406)"
290,20552,0.166865781,3.981919289,1283.866833,40.12083853,41.67,-86.039,4.959321357,"(41.67, -86.039)"
291,21912,0.169506788,4.033800602,3921.387694,122.5433654,41.312,-86.537,32.02419107,"(41.312, -86.537)"
292,20546,0.168783873,4.019124031,397.3224973,12.41632804,41.729,-86.918,0.799066352,"(41.729, -86.918)"
293,20549,0.16713886,3.98127985,3522.372581,110.0741432,41.7,-86.478,0.601678382,"(41.7, -86.478)"
294,27816,0.174593091,4.191416264,4093.335759,127.9167425,39.472,-85.519,43.40645443,"(39.472, -85.519)"
295,22242,0.168967038,4.028176308,3959.106356,123.7220736,41.154,-85.68,35.3606696,"(41.154, -85.68)"
296,25240,0.173120171,4.13393116,4084.885688,127.6526777,40.301,-86.107,35.13468933,"(40.301, -86.107)"
297,23899,0.172333196,4.108594894,4049.538806,126.5480877,40.748,-86.912,2.800738303,"(40.748, -86.912)"
298,24236,0.172554135,4.116808414,4191.481688,130.9838027,40.651,-86.926,0.415571492,"(40.651, -86.926)"
299,23902,0.17136015,4.092072487,4023.85725,125.7455391,40.72,-86.479,20.03519569,"(40.72, -86.479)"
300,25568,0.17309396,4.135318756,3960.767869,123.7739959,40.194,-85.979,27.71907443,"(40.194, -85.979)"
301,24572,0.171922117,4.110403061,3855.265369,120.4770428,40.545,-86.796,41.14847256,"(40.545, -86.796)"
302,23901,0.170774147,4.083420277,4136.751506,129.2734846,40.729,-86.624,24.49154764,"(40.729, -86.624)"
303,25237,0.173104852,4.133932114,3864.57075,120.7678359,40.331,-86.537,43.70612228,"(40.331, -86.537)"
304,23565,0.171057314,4.082825661,4149.203484,129.6626089,40.817,-86.465,13.64353792,"(40.817, -86.465)"
305,25886,0.174005643,4.162555695,4124.592647,128.8935202,40.156,-86.852,45.94891974,"(40.156, -86.852)"
306,26211,0.173439637,4.147799969,3531.143869,110.3482459,40.02,-86.295,16.24783709,"(40.02, -86.295)"
307,28755,0.174079761,4.206020832,4024.315913,125.7598723,39.271,-86.834,41.33524582,"(39.271, -86.834)"
308,28134,0.173805341,4.192072868,3792.116756,118.5036486,39.407,-85.958,35.3838967,"(39.407, -85.958)"
309,27808,0.174455613,4.203702927,4094.126269,127.9414459,39.554,-86.651,36.65668112,"(39.554, -86.651)"
310,26532,0.174312994,4.170917511,3871.691156,120.9903486,39.933,-86.452,19.06904638,"(39.933, -86.452)"
311,28131,0.173476472,4.183526039,3451.657556,107.8642986,39.437,-86.382,35.03079979,"(39.437, -86.382)"
312,28133,0.174221635,4.203748226,4006.153688,125.1923027,39.417,-86.099,33.57636047,"(39.417, -86.099)"
313,26531,0.175174907,4.181498528,3969.145294,124.0357904,39.943,-86.594,26.55318555,"(39.943, -86.594)"
314,29375,0.174151108,4.218822956,4096.956712,128.0298973,39.067,-86.72,26.38391083,"(39.067, -86.72)"
315,27811,0.174675182,4.211983681,3785.268713,118.2896473,39.524,-86.226,6.934693931,"(39.524, -86.226)"
316,27175,0.172904953,4.161872387,1124.609189,35.14403716,39.708,-86.055,0.474245098,"(39.708, -86.055)"
317,30281,0.173817873,4.230358124,2435.736066,76.11675205,38.785,-86.901,33.12714058,"(38.785, -86.901)"
318,31187,0.174140126,4.2429986,3137.973666,98.06167705,38.483,-86.802,41.21975041,"(38.483, -86.802)"
319,31489,0.17436932,4.264846325,4014.59085,125.4559641,38.327,-85.982,46.90284171,"(38.327, -85.982)"
320,31783,0.173299015,4.255144119,2209.879463,69.0587332,38.26,-86.413,35.1381023,"(38.26, -86.413)"
321,31786,0.1731769,4.274418831,4122.161381,128.8175432,38.229,-85.996,53.82951593,"(38.229, -85.996)"
322,32069,0.171320394,4.271835804,991.3078055,30.97836892,38.162,-86.427,19.23143473,"(38.162, -86.427)"
323,30579,0.174076706,4.243802547,3922.502203,122.5781938,38.687,-86.915,36.38382458,"(38.687, -86.915)"
324,30888,0.173950478,4.254445076,4156.707375,129.8971055,38.542,-86.231,26.92081436,"(38.542, -86.231)"
325,31785,0.173421398,4.277440548,3824.630663,119.5197082,38.239,-86.135,51.16387436,"(38.239, -86.135)"
326,31488,0.174789071,4.271173477,4059.916931,126.8724041,38.337,-86.12,43.8380214,"(38.337, -86.12)"
327,27806,0.173407599,4.179533958,3980.241534,124.3825479,39.573,-86.934,48.76885901,"(39.573, -86.934)"
328,27495,0.174066618,4.189568996,2049.1704,64.036575,39.611,-86.07,6.552048574,"(39.611, -86.07)"
329,26848,0.175129846,4.186778069,4032.317447,126.0099202,39.855,-86.751,33.96861163,"(39.855, -86.751)"
330,27492,0.174145266,4.189458847,4020.868603,125.6521438,39.641,-86.495,25.85601096,"(39.641, -86.495)"
331,27493,0.173148006,4.173673153,2820.062334,88.12694795,39.631,-86.353,21.05347852,"(39.631, -86.353)"
332,28445,0.174334437,4.197955132,4067.2287,127.1008969,39.369,-86.82,46.71522688,"(39.369, -86.82)"
333,28132,0.174741894,4.210595131,4152.047344,129.7514795,39.427,-86.24,33.44540908,"(39.427, -86.24)"
334,29978,0.173807055,4.230000973,4046.21325,126.4441641,38.892,-87.028,39.12608181,"(38.892, -87.028)"
335,30878,0.178234383,4.295816898,3683.084175,115.0963805,38.635,-87.627,74.34414674,"(38.635, -87.627)"
336,30278,0.177139848,4.263661385,3810.418959,119.0755925,38.812,-87.322,4.166360172,"(38.812, -87.322)"
337,32628,0.178958252,4.320996284,2786.132953,87.06665479,38.033,-87.423,37.45183604,"(38.033, -87.423)"
338,32064,0.177045375,4.276400566,3891.867244,121.6208514,38.219,-87.259,50.26417111,"(38.219, -87.259)"
339,32912,0.181167528,4.371560574,3584.443134,112.0138479,37.961,-87.851,46.17128012,"(37.961, -87.851)"
340,31185,0.175551623,4.27674675,3939.606619,123.1127068,38.502,-87.081,51.55221956,"(38.502, -87.081)"
341,31775,0.178895533,4.3154459,3764.796975,117.6499055,38.343,-87.664,64.78072211,"(38.343, -87.664)"
342,30279,0.175871208,4.264138222,3765.336131,117.6667541,38.803,-87.182,47.91393343,"(38.803, -87.182)"
343,32343,0.180369765,4.353957176,3785.704088,118.3032527,38.156,-87.827,56.43856014,"(38.156, -87.827)"
344,22564,0.169750407,4.046908379,3683.9448,115.123275,41.088,-86.131,13.65015948,"(41.088, -86.131)"
345,21581,0.169111431,4.029531002,3685.069688,115.1584277,41.389,-86.231,35.04428397,"(41.389, -86.231)"
346,22562,0.170517728,4.057335377,3743.667113,116.9895973,41.108,-86.421,15.0277006,"(41.108, -86.421)"
347,21577,0.170053914,4.040984154,4048.001578,126.5000493,41.428,-86.814,1.575050233,"(41.428, -86.814)"
348,22559,0.171328336,4.070690632,3994.417294,124.8255404,41.137,-86.856,34.09161427,"(41.137, -86.856)"
349,20892,0.167757675,3.995352507,3650.712525,114.0847664,41.603,-86.493,1.013673445,"(41.603, -86.493)"
350,22561,0.170763254,4.065480709,3512.680931,109.7712791,41.118,-86.566,20.53153506,"(41.118, -86.566)"
351,29668,0.176911622,4.25374651,3577.898334,111.8093229,39.025,-87.577,69.72897078,"(39.025, -87.577)"
352,29061,0.176036,4.2302351,3710.1888,115.9434,39.202,-87.27,57.64739944,"(39.202, -87.27)"
353,28752,0.176707104,4.237912178,3967.787025,123.9933445,39.299,-87.257,60.62948917,"(39.299, -87.257)"
354,27486,0.174261272,4.180202007,3506.307244,109.5721014,39.697,-87.346,59.55338952,"(39.697, -87.346)"
355,27167,0.174434662,4.178218842,3986.063156,124.5644736,39.786,-87.191,57.72649923,"(39.786, -87.191)"
356,28123,0.175784707,4.211481094,3680.512931,115.0160291,39.511,-87.514,56.98684284,"(39.511, -87.514)"
357,28124,0.175232589,4.197027683,2427.799331,75.8687291,39.503,-87.372,22.85445854,"(39.503, -87.372)"
358,27166,0.173841074,4.164115429,3789.159244,118.4112264,39.795,-87.333,58.73945479,"(39.795, -87.333)"
359,28126,0.174176335,4.19754982,3490.687913,109.0839973,39.485,-87.089,59.34576706,"(39.485, -87.089)"
360,29669,0.177505821,4.268126488,3939.650663,123.1140832,39.016,-87.436,62.06703029,"(39.016, -87.436)"
361,23896,0.174031451,4.140161037,4155.554137,129.8610668,40.776,-87.345,57.69598868,"(40.776, -87.345)"
362,24904,0.173125327,4.134710312,2504.525063,78.2664082,40.457,-86.954,2.449760168,"(40.457, -86.954)"
363,24903,0.173361048,4.13878727,4088.579288,127.7681027,40.466,-87.097,4.392875335,"(40.466, -87.097)"
364,23897,0.173902288,4.130835056,4095.875869,127.9961209,40.767,-87.201,50.50214511,"(40.767, -87.201)"
365,25559,0.174225688,4.156833649,3924.313819,122.6348068,40.281,-87.268,68.48142822,"(40.281, -87.268)"
366,30580,0.173506826,4.224005222,2932.485019,91.64015684,38.678,-86.775,30.0121388,"(38.678, -86.775)"
367,31784,0.172163591,4.257701397,4190.64435,130.9576359,38.25,-86.274,49.46194312,"(38.25, -86.274)"
368,32070,0.170503721,4.257734776,3806.904066,118.9657521,38.152,-86.288,57.0987555,"(38.152, -86.288)"
369,24583,0.17048642,4.079850197,4051.254488,126.6017027,40.432,-85.216,66.0077699,"(40.432, -85.216)"
370,23912,0.170344129,4.072705746,4092.016219,127.8755068,40.614,-85.04,69.92354815,"(40.614, -85.04)"
371,25574,0.17241326,4.12044096,4102.739606,128.2106127,40.13,-85.122,57.32543352,"(40.13, -85.122)"
372,25896,0.172594056,4.124805927,3994.471716,124.8272411,40.055,-85.424,40.1999981,"(40.055, -85.424)"
373,22900,0.170012668,4.059214115,4001.495681,125.04674,40.928,-85.278,5.535142874,"(40.928, -85.278)"
374,23235,0.168559015,4.0323596,4103.999156,128.2499736,40.863,-85.728,29.4189851,"(40.863, -85.728)"
375,23907,0.170196861,4.070266724,3963.784866,123.8682771,40.669,-85.759,34.3787735,"(40.669, -85.759)"
376,24916,0.171726719,4.103901863,3649.17555,114.0367359,40.335,-85.233,60.34752697,"(40.335, -85.233)"
377,23574,0.170213521,4.069569111,3570.347869,111.5733709,40.723,-85.167,60.79561119,"(40.723, -85.167)"
378,25243,0.172016338,4.111320019,3987.027309,124.5946034,40.27,-85.678,40.17246126,"(40.27, -85.678)"
379,25241,0.17271857,4.122993946,3963.258619,123.8518318,40.291,-85.964,35.28472163,"(40.291, -85.964)"
380,32356,0.171435758,4.282002449,3845.690663,120.1778332,38.035,-86.026,63.40017626,"(38.035, -86.026)"
381,27820,0.173992008,4.178978443,3724.971047,116.4053452,39.428,-84.954,0.563715226,"(39.428, -84.954)"
382,26220,0.173256248,4.140625954,4157.072888,129.9085277,39.924,-85.013,51.10370248,"(39.924, -85.013)"
383,26539,0.173183009,4.140991211,3975.490378,124.2340743,39.86,-85.456,1.730582161,"(39.86, -85.456)"
384,29076,0.169784322,4.188397408,3700.170619,115.6303318,39.051,-85.16,43.13131515,"(39.051, -85.16)"
385,26536,0.174166918,4.162552357,3148.261425,98.38316953,39.892,-85.882,12.8615487,"(39.892, -85.882)"
386,29072,0.172863588,4.187088013,3975.612131,124.2378791,39.094,-85.722,35.53404577,"(39.094, -85.722)"
387,26538,0.173344135,4.146408558,4056.083606,126.7526127,39.871,-85.598,27.72223706,"(39.871, -85.598)"
388,23910,0.170880362,4.083259106,4099.051069,128.0953459,40.637,-85.327,55.27628807,"(40.637, -85.327)"
389,25894,0.17249164,4.127573013,2261.820713,70.68189727,40.076,-85.709,27.88513997,"(40.076, -85.709)"
390,22898,0.168703318,4.038233757,3914.679375,122.3337305,40.949,-85.567,37.25550786,"(40.949, -85.567)"
391,23236,0.169651166,4.051046848,3869.0784,120.9087,40.852,-85.583,37.08316623,"(40.852, -85.583)"
392,24914,0.171286464,4.094772339,3836.968481,119.905265,40.357,-85.519,50.72138903,"(40.357, -85.519)"
393,23911,0.170949101,4.084996223,4107.112088,128.3472527,40.626,-85.183,62.57200597,"(40.626, -85.183)"
394,23234,0.170030773,4.063456535,4155.950531,129.8734541,40.873,-85.872,21.83966683,"(40.873, -85.872)"
395,24244,0.171033859,4.088021278,3948.917063,123.4036582,40.572,-85.774,38.94639171,"(40.572, -85.774)"
396,24911,0.17241253,4.117253304,4113.239738,128.5387418,40.388,-85.949,6.935822177,"(40.388, -85.949)"
397,21241,0.168211445,4.009566307,3565.692394,111.4278873,41.445,-85.632,51.81745573,"(41.445, -85.632)"
398,20897,0.168028057,4.002690792,3068.407069,95.8877209,41.552,-85.762,45.15010524,"(41.552, -85.762)"
399,21242,0.168181688,4.006967545,3284.069063,102.6271582,41.434,-85.487,56.4628039,"(41.434, -85.487)"
400,21583,0.168984741,4.026990891,4073.61555,127.3004859,41.369,-85.94,37.73892672,"(41.369, -85.94)"
401,20558,0.16827184,4.003956318,3065.187825,95.78711953,41.606,-85.162,55.44274162,"(41.606, -85.162)"
402,20557,0.167823419,3.991064548,3172.561425,99.14254453,41.617,-85.308,49.86963306,"(41.617, -85.308)"
403,29682,0.173612684,4.204098701,4118.957578,128.7174243,38.889,-85.612,37.73326439,"(38.889, -85.612)"
404,29683,0.173378423,4.200387001,2384.756691,74.52364658,38.878,-85.472,11.32277084,"(38.878, -85.472)"
405,29386,0.16969502,4.191159725,4081.104,127.5345,38.942,-85.036,41.30708057,"(38.942, -85.036)"
406,30587,0.174235225,4.232189178,3873.196997,121.0374062,38.608,-85.798,35.05821944,"(38.608, -85.798)"
407,31195,0.174510285,4.245464325,3463.554684,108.2360839,38.392,-85.55,44.50693434,"(38.392, -85.55)"
408,19909,0.167562768,3.981778383,3276.668953,102.3959048,41.843,-85.715,23.68888412,"(41.843, -85.715)"
409,21574,0.170754984,4.054212093,2874.175397,89.81798115,41.456,-87.252,20.71319346,"(41.456, -87.252)"
410,21909,0.170932546,4.061377525,3996.910575,124.9034555,41.34,-86.974,41.94637509,"(41.34, -86.974)"
411,22230,0.172299758,4.084630489,3576.864066,111.7770021,41.27,-87.424,29.24763996,"(41.27, -87.424)"
412,23224,0.173346221,4.117679596,4107.456844,128.3580264,40.97,-87.319,54.92541045,"(40.97, -87.319)"
413,22555,0.172129601,4.083314419,3337.474894,104.2960904,41.173,-87.438,22.04785137,"(41.173, -87.438)"
414,22233,0.170985356,4.064069748,3764.0376,117.626175,41.243,-86.988,44.19334816,"(41.243, -86.988)"
415,22557,0.171907634,4.076087952,4089.5928,127.799775,41.155,-87.147,48.71541111,"(41.155, -87.147)"
416,31779,0.176160783,4.285991669,3867.94035,120.8731359,38.307,-87.107,57.40483553,"(38.307, -87.107)"
417,31180,0.178290516,4.298704147,4089.652538,127.8016418,38.546,-87.779,81.85387091,"(38.546, -87.779)"
418,30277,0.177593559,4.271885872,3822.38595,119.4495609,38.821,-87.462,62.90366191,"(38.821, -87.462)"
419,32066,0.176281437,4.301007748,4048.006894,126.5002154,38.2,-86.982,50.40589378,"(38.2, -86.982)"
420,30574,0.177783519,4.283316612,3508.554488,109.6423277,38.732,-87.614,71.99257245,"(38.732, -87.614)"
421,31776,0.179188728,4.318784714,3534.497775,110.4530555,38.334,-87.525,61.59391284,"(38.334, -87.525)"
422,32629,0.17885752,4.319931507,3582.937294,111.9667904,38.024,-87.285,35.1721661,"(38.024, -87.285)"
423,32063,0.177572951,4.293800354,3596.612372,112.3941366,38.228,-87.398,51.88886865,"(38.228, -87.398)"
424,31780,0.175384477,4.278427124,3704.701556,115.7719236,38.298,-86.968,58.01978007,"(38.298, -86.968)"
425,31777,0.177626058,4.288873196,3269.789775,102.1809305,38.325,-87.386,59.23871532,"(38.325, -87.386)"
426,33207,0.178140774,4.34099102,3011.522794,94.1100873,37.82,-87.172,11.63170359,"(37.82, -87.172)"
427,28127,0.17393899,4.189299583,3810.011681,119.062865,39.475,-86.948,53.2389385,"(39.475, -86.948)"
428,24239,0.171357438,4.097905159,4166.813644,130.2129264,40.623,-86.494,27.10538199,"(40.623, -86.494)"
429,24905,0.17254813,4.123144627,2676.359475,83.63623359,40.448,-86.81,6.984605894,"(40.448, -86.81)"
430,25235,0.17339927,4.135467529,3095.216044,96.72550137,40.35,-86.824,13.74232268,"(40.35, -86.824)"
431,24571,0.172690302,4.121904373,4070.546663,127.2045832,40.554,-86.94,46.09905986,"(40.554, -86.94)"
432,23228,0.171894968,4.088102341,4079.665491,127.4895466,40.933,-86.74,24.41166137,"(40.933, -86.74)"
433,24242,0.171648413,4.099758625,4152.358181,129.7611932,40.593,-86.062,29.17504777,"(40.593, -86.062)"
434,23231,0.170596763,4.068148613,4132.280306,129.1337596,40.904,-86.306,2.965741347,"(40.904, -86.306)"
435,24238,0.17124635,4.095464706,4011.451847,125.3578702,40.632,-86.638,30.54193326,"(40.632, -86.638)"
436,25888,0.173802257,4.15065527,3869.241666,120.9138021,40.137,-86.566,32.79014054,"(40.137, -86.566)"
437,23232,0.169653535,4.053499699,4116.725775,128.6476805,40.894,-86.161,6.896855517,"(40.894, -86.161)"
438,24909,0.172864854,4.128062725,3983.631638,124.4884887,40.409,-86.236,41.3785374,"(40.409, -86.236)"
439,32072,0.171970665,4.2865839,4164.657019,130.1455318,38.132,-86.011,60.85042963,"(38.132, -86.011)"
440,32352,0.173508227,4.290376186,77.1871623,2.412098822,38.075,-86.579,2.695319365,"(38.075, -86.579)"
441,29678,0.173306182,4.225473881,2227.054247,69.59544521,38.931,-86.173,7.969576209,"(38.931, -86.173)"
442,30583,0.173887879,4.251400471,3911.276363,122.2273863,38.649,-86.356,18.41354126,"(38.649, -86.356)"
443,30887,0.173164383,4.236567974,3709.2816,115.91505,38.552,-86.37,26.03426312,"(38.552, -86.37)"
444,30585,0.174217299,4.25071907,3830.403178,119.7000993,38.629,-86.077,23.43689566,"(38.629, -86.077)"
445,32350,0.17578952,4.296219349,4028.610938,125.8940918,38.094,-86.856,0.741410192,"(38.094, -86.856)"
446,30885,0.173631102,4.230414867,1292.288175,40.38400547,38.571,-86.649,27.16741374,"(38.571, -86.649)"
447,32353,0.171350986,4.283085346,2983.728909,93.24152842,38.065,-86.441,57.337736,"(38.065, -86.441)"
448,32071,0.17152518,4.279686928,4182.640538,130.7075168,38.142,-86.149,58.51627572,"(38.142, -86.149)"
449,31484,0.174602494,4.252122402,4026.627956,125.8321236,38.386,-86.816,47.67440139,"(38.386, -86.816)"
450,29060,0.176515147,4.245027542,3946.143825,123.3169945,39.211,-87.411,7.450187596,"(39.211, -87.411)"
451,28125,0.174513489,4.190097809,3707.612494,115.8628904,39.494,-87.231,65.84673889,"(39.494, -87.231)"
452,28753,0.174119771,4.205358982,4063.255397,126.9767312,39.29,-87.116,53.89164865,"(39.29, -87.116)"
453,28754,0.174030751,4.199938297,4175.937281,130.49804,39.281,-86.975,47.43495188,"(39.281, -86.975)"
454,27165,0.175323948,4.191905499,3937.903594,123.0594873,39.803,-87.476,51.06573772,"(39.803, -87.476)"
455,28750,0.177164108,4.248520851,3450.483309,107.8276034,39.317,-87.539,1.506475076,"(39.317, -87.539)"
456,29671,0.17564033,4.249812126,3660.894225,114.4029445,38.998,-87.155,46.81015933,"(38.998, -87.155)"
457,28751,0.176524714,4.232741356,3859.972988,120.6241559,39.308,-87.398,67.56361201,"(39.308, -87.398)"
458,27168,0.174003273,4.170292854,3637.431563,113.6697363,39.776,-87.049,50.23475701,"(39.776, -87.049)"
459,29058,0.177475512,4.254799366,4126.414641,128.9504575,39.228,-87.693,6.641310423,"(39.228, -87.693)"
460,30575,0.177618816,4.27800703,3424.908066,107.0283771,38.724,-87.474,64.61420568,"(38.724, -87.474)"
461,27170,0.174107999,4.17461586,3838.739091,119.9605966,39.758,-86.765,35.40594007,"(39.758, -86.765)"
462,26851,0.173827529,4.162363052,622.3754602,19.44923313,39.826,-86.324,3.425438478,"(39.826, -86.324)"
463,28756,0.174528316,4.209879398,3854.863913,120.4644973,39.262,-86.692,35.87631771,"(39.262, -86.692)"
464,28449,0.173759148,4.189761162,4120.541381,128.7669182,39.33,-86.255,34.62507722,"(39.33, -86.255)"
465,27490,0.1740762,4.193422318,3806.233031,118.9447822,39.66,-86.778,38.32132123,"(39.66, -86.778)"
466,27173,0.17315416,4.170460701,680.1848437,21.25577637,39.729,-86.338,2.946880735,"(39.729, -86.338)"
467,27174,0.17228967,4.15971899,331.0320973,10.34475304,39.719,-86.196,0.533734887,"(39.719, -86.196)"
468,29673,0.173939869,4.217547894,4135.411463,129.2316082,38.98,-86.874,31.59511959,"(38.98, -86.874)"
469,27810,0.173758134,4.187687874,3979.663397,124.3644812,39.534,-86.367,27.85951365,"(39.534, -86.367)"
470,29676,0.172477856,4.213859558,3307.703091,103.3657216,38.951,-86.453,9.298890835,"(38.951, -86.453)"
471,27812,0.17463991,4.209339619,2898.729534,90.58529795,39.514,-86.084,8.468315842,"(39.514, -86.084)"
472,29675,0.174020097,4.227243423,4040.800931,126.2750291,38.96,-86.594,16.54815604,"(38.96, -86.594)"
473,30283,0.173537806,4.225226879,907.7987672,28.36871147,38.766,-86.621,10.1828704,"(38.766, -86.621)"
474,32636,0.172334194,4.304423332,4194.268088,131.0708777,37.957,-86.316,57.93477029,"(37.957, -86.316)"
475,31487,0.17410937,4.255607605,4144.338422,129.5105757,38.347,-86.259,41.92808747,"(38.347, -86.259)"
476,29979,0.173859552,4.222920895,2292.582488,71.64320273,38.882,-86.888,31.51706709,"(38.882, -86.888)"
477,32354,0.171321169,4.283970833,4024.655353,125.7704798,38.055,-86.302,62.80324084,"(38.055, -86.302)"
478,32355,0.171510011,4.291727543,3926.320088,122.6975027,38.045,-86.164,65.92178966,"(38.045, -86.164)"
479,32633,0.175941288,4.295385838,3279.429534,102.4821729,37.987,-86.731,41.79523605,"(37.987, -86.731)"
480,30582,0.173582762,4.243015289,3850.055803,120.3142438,38.659,-86.496,20.22801295,"(38.659, -86.496)"
481,29982,0.172590062,4.21425581,3333.071025,104.1584695,38.853,-86.467,8.943977172,"(38.853, -86.467)"
482,31191,0.17397061,4.258284092,4095.136997,127.9730312,38.434,-86.106,36.72528475,"(38.434, -86.106)"
483,22895,0.169917628,4.052687645,4018.820822,125.5881507,40.981,-86.001,14.71841078,"(40.981, -86.001)"
484,22238,0.169937134,4.044938087,4061.899913,126.9343723,41.195,-86.261,19.76327211,"(41.195, -86.261)"
485,20220,0.167696282,3.984006643,2697.981666,84.31192705,41.787,-86.317,13.23337766,"(41.787, -86.317)"
486,22889,0.171671137,4.085417271,4073.968153,127.3115048,41.04,-86.87,32.18315515,"(41.04, -86.87)"
487,22892,0.171071619,4.074580193,4137.083606,129.2838627,41.011,-86.436,9.992720397,"(41.011, -86.436)"
488,22894,0.169822499,4.051224709,3937.660088,123.0518777,40.991,-86.146,7.755851756,"(40.991, -86.146)"
489,20551,0.167044163,3.986175776,803.4215344,25.10692295,41.68,-86.185,2.73725028,"(41.68, -86.185)"
490,22235,0.170458153,4.055489063,3897.790116,121.8059411,41.224,-86.697,31.23422031,"(41.224, -86.697)"
491,21236,0.168668628,4.017745495,3685.129425,115.1602945,41.496,-86.362,2.092009997,"(41.496, -86.362)"
492,20550,0.167056054,3.982428312,2157.093534,67.40917295,41.69,-86.332,6.582707111,"(41.69, -86.332)"
493,28444,0.173757061,4.190710068,4137.363563,129.2926113,39.378,-86.961,52.12998544,"(39.378, -86.961)"
494,27804,0.174470589,4.191910744,4082.30685,127.5720891,39.591,-87.218,62.345838,"(39.591, -87.218)"
495,26843,0.174884915,4.180150986,3911.742872,122.2419647,39.901,-87.463,51.23544227,"(39.901, -87.463)"
496,28443,0.174150154,4.202520847,4050.958838,126.5924637,39.387,-87.102,58.0519458,"(39.387, -87.102)"
497,29371,0.175769597,4.224069118,3785.978981,118.3118432,39.104,-87.283,55.5385731,"(39.104, -87.283)"
498,28440,0.176073,4.221541405,3685.362553,115.1675798,39.414,-87.527,60.75266201,"(39.414, -87.527)"
499,26846,0.17454803,4.174786568,3757.915519,117.43486,39.874,-87.035,49.20243086,"(39.874, -87.035)"
500,29368,0.177837998,4.26529026,3881.825775,121.3070555,39.131,-87.705,10.4937828,"(39.131, -87.705)"
501,24581,0.170316532,4.072991848,3983.427113,124.4820973,40.454,-85.503,55.64039894,"(40.454, -85.503)"
502,25899,0.173078865,4.133574009,4144.338422,129.5105757,40.021,-84.996,52.26626407,"(40.021, -84.996)"
503,26205,0.17481637,4.177235603,4169.553469,130.2985459,40.077,-87.151,58.04646423,"(40.077, -87.151)"
504,26204,0.174456611,4.170939445,4107.739331,128.3668541,40.086,-87.294,61.99759576,"(40.086, -87.294)"
505,25233,0.173900589,4.149703979,3946.721709,123.3350534,40.369,-87.111,62.64037727,"(40.369, -87.111)"
506,23558,0.173950061,4.129383564,4187.199825,130.8499945,40.882,-87.477,63.3575779,"(40.882, -87.477)"
507,33204,0.180301636,4.357871056,2581.520625,80.67251953,37.846,-87.587,29.38550387,"(37.846, -87.587)"
508,32916,0.179050237,4.327976227,3283.814925,102.6192164,37.926,-87.298,14.80092951,"(37.926, -87.298)"
509,32914,0.181067601,4.364312172,1766.3832,55.199475,37.944,-87.574,8.401837977,"(37.944, -87.574)"
510,33502,0.18065387,4.380242348,4032.734597,126.0229562,37.757,-87.737,32.07477881,"(37.757, -87.737)"
511,32917,0.177594289,4.337132454,4043.449884,126.3578089,37.917,-87.159,7.208209065,"(37.917, -87.159)"
512,32915,0.17979309,4.341962337,1927.232367,60.22601147,37.935,-87.436,6.497975641,"(37.935, -87.436)"
513,33203,0.180435047,4.359962463,2553.762684,79.80508389,37.855,-87.725,35.55867131,"(37.855, -87.725)"
514,33202,0.180196896,4.354925156,2660.7528,83.148525,37.863,-87.863,42.17938329,"(37.863, -87.863)"
515,33501,0.181619003,4.386150837,3126.423825,97.70074453,37.766,-87.875,39.33228465,"(37.766, -87.875)"
516,32918,0.176846102,4.324542999,3586.545338,112.0795418,37.908,-87.021,1.75968212,"(37.908, -87.021)"
517,23567,0.170068234,4.064394951,4020.036581,125.6261432,40.797,-86.176,12.11180217,"(40.797, -86.176)"
