,Unnamed: 0,Unnamed: 0.1,latitude,longitude,area_sq_km,capacity_mw,generation_mwh,capacity_factor,wind_speed_120meters,distance_to_transmission_km,location,realizable_mw,realizable per land
313,313,27672,39.94300079,-86.59400177,41.6016,124.8048,491959.4602,0.449980736,7.881968498,3.519690641,"(39.94300079, -86.59400177)",56.1597557603328,1.349942208
160,160,26702,40.10699844,-84.83699799,43.6428,130.9284,515945.0045,0.449847639,7.914181232,10.58357216,"(40.10699844, -84.83699799)",58.897831618047604,1.349542917
157,157,27025,40.00999832,-84.85399628,45.522,136.566,535974.5111,0.448020041,7.862289906,1.495866236,"(40.00999832, -84.85399628)",61.184304919206,1.344060123
77,77,27341,40.04000092,-86.58000183,44.0316,132.0948,517968.2753,0.447623968,7.847435474,1.985263313,"(40.04000092, -86.58000183)",59.12879852816639,1.342871904
107,107,26369,40.32099915,-86.39399719,27.3456,82.0368,321628.4552,0.447550088,7.819635391,1.103421985,"(40.32099915, -86.39399719)",36.7155770592384,1.342650264
272,272,27010,40.16500092,-86.99500275,57.5424,172.6272,675868.0625,0.446939349,7.831694603,10.42102404,"(40.16500092, -86.99500275)",77.15388838769279,1.3408180469999997
502,502,27024,40.02099991,-84.9960022,35.7696,107.3088,419926.2742,0.446718156,7.835958958,13.70326859,"(40.02099991, -84.9960022)",47.9367892585728,1.3401544680000002
82,82,26692,40.2140007,-86.26499939,40.5,121.5,475223.2459,0.446495712,7.808542252,15.03373829,"(40.2140007, -86.26499939)",54.249229008,1.339487136
310,310,27673,39.93299866,-86.45200348,32.8536,98.5608,385345.1408,0.44631508,7.820677757,6.905756009,"(39.93299866, -86.45200348)",43.989171336864,1.33894524
371,371,26700,40.13000107,-85.12200165,32.2704,96.8112,378453.969,0.446255267,7.845507622,9.862310419,"(40.13000107, -85.12200165)",43.2025079045904,1.3387658009999999
84,84,27342,40.02999878,-86.43699646,36.6768,110.0304,429578.8571,0.445683032,7.801751614,11.91326028,"(40.02999878, -86.43699646)",49.0386822841728,1.337049096
246,246,27023,40.03300095,-85.13899994,30.4884,91.4652,356816.6004,0.445333183,7.818323612,2.711164559,"(40.03300095, -85.13899994)",40.7324886497316,1.335999549
199,199,21631,41.70999908,-86.625,4.7142,14.1426,55143.882,0.445106536,7.752739906,0.874663544,"(41.70999908, -86.625)",6.2949636960336,1.335319608
284,284,22314,41.53499985,-86.94599915,20.898,62.694,244338.1304,0.444898725,7.722456455,0.611623955,"(41.53499985, -86.94599915)",27.89248066515,1.334696175
11,11,27022,40.04399872,-85.28099823,33.1776,99.5328,387768.0611,0.444735408,7.815831184,5.756695816,"(40.04399872, -85.28099823)",44.265760417382396,1.3342062239999999
8,8,26379,40.21500015,-84.96299744,29.7594,89.2782,347755.8853,0.444656819,7.836901665,12.91240613,"(40.21500015, -84.96299744)",39.698160418045795,1.333970457
436,436,27013,40.13700104,-86.56600189,32.1732,96.5196,375719.6557,0.444369555,7.79165411,4.626817884,"(40.13700104, -86.56600189)",42.890371700778005,1.3331086650000001
303,303,26368,40.33100128,-86.53700256,14.1183,42.3549,164769.9838,0.444089323,7.777768612,4.732499452,"(40.33100128, -86.53700256)",18.8093588667327,1.332267969
438,438,26040,40.4090004,-86.23600006,21.2382,63.7146,247468.8479,0.443381399,7.771235466,0.14161984,"(40.4090004, -86.23600006)",28.2498684847254,1.330144197
123,123,22996,41.36800003,-87.41100311,10.3194,30.9582,120200.3944,0.443226874,7.687379837,1.130718921,"(41.36800003, -87.41100311)",13.721506210666801,1.3296806220000001
101,101,26689,40.24399948,-86.69499969,27.0702,81.2106,315165.149,0.443017989,7.763101578,2.254751553,"(40.24399948, -86.69499969)",35.9777566974834,1.3290539670000001
162,162,25717,40.39799881,-84.78600311,32.805,98.415,381858.3782,0.442931861,7.770992279,5.728931899,"(40.39799881, -84.78600311)",43.591139100315004,1.3287955830000002
132,132,25364,40.67900085,-87.35900116,60.1668,180.5004,700343.4042,0.442923546,7.712066174,11.80491529,"(40.67900085, -87.35900116)",79.94787722241841,1.3287706380000002
27,27,22325,41.42300034,-85.34100342,11.2752,33.8256,131193.1011,0.442752868,7.712534428,0.81284147,"(41.42300034, -85.34100342)",14.976381411820801,1.3282586040000002
372,372,27021,40.05500031,-85.4240036,37.2276,111.6828,433032.3688,0.442618906,7.795854092,2.157452534,"(40.05500031, -85.4240036)",49.4329187550168,1.3278567179999998
57,57,20985,41.77700043,-84.83599854,7.3305,21.9915,85248.10206,0.442512721,7.69414711,13.90229959,"(41.77700043, -84.83599854)",9.731518503871499,1.3275381629999998
296,296,26371,40.30099869,-86.10700226,29.0952,87.2856,338323.2688,0.442471355,7.728755474,1.060450996,"(40.30099869, -86.10700226)",38.621377703988,1.3274140650000001
17,17,26378,40.22700119,-85.10600281,33.9552,101.8656,394627.4885,0.442237616,7.787889481,15.14702359,"(40.22700119, -85.10600281)",45.0488000964096,1.3267128480000001
191,191,28000,39.83599854,-86.46600342,25.4016,76.2048,295069.9916,0.442016631,7.761267662,3.469214416,"(39.83599854, -86.46600342)",33.6837889620288,1.326049893
25,25,21980,41.53099823,-85.47100067,6.0993,18.2979,70786.42967,0.44161585,7.68782568,1.849482096,"(41.53099823, -85.47100067)",8.080642661714998,1.3248475499999997
222,222,27681,39.84999847,-85.31400299,42.8976,128.6928,497825.7569,0.441589773,7.784754276,8.477615702,"(39.84999847, -85.31400299)",56.829424338734405,1.3247693190000003
81,81,26367,40.3409996,-86.68000031,4.9572,14.8716,57521.19122,0.44153595,7.775648117,0.532421586,"(40.3409996, -86.68000031)",6.56634603402,1.32460785
433,433,25373,40.5929985,-86.06199646,43.578,130.734,505295.9384,0.441217929,7.694434643,2.524160902,"(40.5929985, -86.06199646)",57.682184729886,1.323653787
140,140,27350,39.9469986,-85.29799652,42.5412,127.6236,493181.9353,0.441135556,7.762719631,5.703261277,"(39.9469986, -85.29799652)",56.299307744721595,1.3234066679999998
100,100,26688,40.25299835,-86.83799744,14.6934,44.0802,170329.8739,0.4411062,7.746281624,0.224581534,"(40.25299835, -86.83799744)",19.44404951724,1.3233186
305,305,27011,40.15599823,-86.85199738,48.0492,144.1476,556992.1571,0.441100508,7.725485802,0.274151997,"(40.15599823, -86.85199738)",63.583579586980804,1.3233015240000001
106,106,26041,40.39799881,-86.09200287,27.297,81.891,316318.0028,0.440944195,7.716020107,1.046411909,"(40.39799881, -86.09200287)",36.109361072745,1.322832585
402,402,21640,41.61700058,-85.30799866,4.9086,14.7258,56848.74096,0.44069472,7.683977127,1.209979021,"(41.61700058, -85.30799866)",6.489582307776,1.32208416
63,63,22997,41.35900116,-87.26499939,22.8582,68.5746,264706.56,0.440653592,7.650318623,7.907948381,"(41.35900116, -87.26499939)",30.2176438099632,1.321960776
401,401,21641,41.60599899,-85.16200256,0.6804,2.0412,7877.179984,0.440535694,7.683357716,4.11439802,"(41.60599899, -85.16200256)",0.8992214585927999,1.3216070819999999
21,21,23009,41.24000168,-85.51899719,15.0903,45.2709,174643.7203,0.440382183,7.67712307,3.500625105,"(41.24000168, -85.51899719)",19.936497768374696,1.3211465489999998
102,102,27670,39.9620018,-86.8789978,41.1804,123.5412,476457.0876,0.440258622,7.737989426,0.119802893,"(39.9620018, -86.8789978)",54.3900784722264,1.320775866
163,163,26050,40.30099869,-84.8030014,42.0876,126.2628,486644.655,0.439979494,7.719385147,14.54863449,"(40.30099869, -84.8030014)",55.5530428550232,1.319938482
159,159,26380,40.20399857,-84.81999969,33.3396,100.0188,385259.3856,0.439711154,7.753175259,4.053000145,"(40.20399857, -84.81999969)",43.9793819696952,1.319133462
49,49,21308,41.68000031,-84.85299683,0.7452,2.2356,8608.806115,0.439586878,7.640890598,9.584010218,"(41.68000031, -84.85299683)",0.9827404244568,1.318760634
35,35,21981,41.52000046,-85.32499695,2.561625,7.684875,29567.62032,0.439213276,7.650876999,2.42581359,"(41.52000046, -85.32499695)",3.3752991244004997,1.317639828
244,244,27349,39.95800018,-85.44000244,34.3764,103.1292,396710.7045,0.439125001,7.731291771,5.046503873,"(39.95800018, -85.44000244)",45.2866100531292,1.3173750030000002
195,195,28322,39.7480011,-86.6230011,42.1848,126.5544,486739.0396,0.439050853,7.717053413,4.588127632,"(39.7480011, -86.6230011)",55.5638172709032,1.317152559
329,329,27998,39.85499954,-86.75099945,57.672,173.016,665416.9344,0.439039379,7.715595245,5.43960052,"(39.85499954, -86.75099945)",75.960837197064,1.317118137
20,20,22326,41.41199875,-85.19599915,13.365,40.095,154168.7902,0.438936949,7.638810158,4.237916807,"(41.41199875, -85.19599915)",17.599176970155,1.316810847
