,Unnamed: 0,latitude,longitude,area_sq_km,capacity_mw,generation_mwh,capacity_factor,wind_speed_120meters,distance_to_transmission_km,location
0,28009,39.72999954,-85.04599762,39.9816,119.9448,419299.293,0.399060369,7.202714443,0.16160075,"(39.72999954, -85.04599762)"
1,29631,39.23400116,-84.98699951,22.8096,68.4288,230999.8771,0.38536185,7.077345371,0.188344389,"(39.23400116, -84.98699951)"
2,27683,39.82699966,-85.02999878,28.0584,84.1752,304942.1999,0.413551182,7.37114048,1.899659516,"(39.82699966, -85.02999878)"
3,28006,39.76300049,-85.47200012,30.7962,92.3886,345858.0,0.427341759,7.575625896,1.93233894,"(39.76300049, -85.47200012)"
4,30584,38.99700165,-85.73699951,36.774,110.322,351607.9256,0.363824904,6.744750977,9.230199262,"(38.99700165, -85.73699951)"
5,29305,39.34199905,-85.11100006,34.2144,102.6432,348885.3551,0.388014942,7.144158363,6.786992937,"(39.34199905, -85.11100006)"
6,29951,39.18099976,-85.56600189,42.5088,127.5264,443078.9717,0.396622121,7.169253349,0.812521923,"(39.18099976, -85.56600189)"
7,28975,39.49300003,-85.80200195,30.6828,92.0484,320886.1453,0.397951931,7.168814182,2.180661979,"(39.49300003, -85.80200195)"
8,26379,40.21500015,-84.96299744,29.7594,89.2782,347755.8853,0.444656819,7.836901665,12.91240613,"(40.21500015, -84.96299744)"
9,26375,40.25899887,-85.53500366,31.4604,94.3812,358753.2668,0.433916599,7.622354984,10.40508156,"(40.25899887, -85.53500366)"
10,24357,40.84199905,-85.43900299,33.1776,99.5328,374647.1603,0.429686904,7.526456833,5.055788665,"(40.84199905, -85.43900299)"
11,27022,40.04399872,-85.28099823,33.1776,99.5328,387768.0611,0.444735408,7.815831184,5.756695816,"(40.04399872, -85.28099823)"
12,26376,40.24900055,-85.39199829,19.6992,59.0976,225947.6661,0.436449409,7.67463541,1.675936109,"(40.24900055, -85.39199829)"
13,26698,40.15200043,-85.40799713,16.4187,49.2561,187485.832,0.434514552,7.67701149,1.633415365,"(40.15200043, -85.40799713)"
14,24360,40.80799866,-85.0059967,40.7268,122.1804,461049.1576,0.430766165,7.544130802,4.273441066,"(40.80799866, -85.0059967)"
15,25710,40.47499847,-85.79000092,21.1248,63.3744,243241.0847,0.438146114,7.651722908,0.810684369,"(40.47499847, -85.79000092)"
16,26046,40.34600067,-85.37599945,36.4176,109.2528,414483.1598,0.433082074,7.623357773,6.257167455,"(40.34600067, -85.37599945)"
17,26378,40.22700119,-85.10600281,33.9552,101.8656,394627.4885,0.442237616,7.787889481,15.14702359,"(40.22700119, -85.10600281)"
18,23682,41.0019989,-84.97200012,33.4368,100.3104,379008.4794,0.431319267,7.552632809,1.469185869,"(41.0019989, -84.97200012)"
19,22669,41.32600021,-85.35800171,17.2368,51.7104,198069.0034,0.437254727,7.627771378,1.076501931,"(41.32600021, -85.35800171)"
20,22326,41.41199875,-85.19599915,13.365,40.095,154168.7902,0.438936949,7.638810158,4.237916807,"(41.41199875, -85.19599915)"
21,23009,41.24000168,-85.51899719,15.0903,45.2709,174643.7203,0.440382183,7.67712307,3.500625105,"(41.24000168, -85.51899719)"
22,22671,41.30400085,-85.06700134,9.4608,28.3824,106327.7013,0.427654654,7.480486393,4.219375304,"(41.30400085, -85.06700134)"
23,21305,41.72499847,-85.43800354,12.5631,37.6893,139274.8533,0.421842694,7.422930241,2.114416071,"(41.72499847, -85.43800354)"
24,24016,40.95999908,-85.71199799,45.1008,135.3024,513830.981,0.433521539,7.592355251,5.252338957,"(40.95999908, -85.71199799)"
25,21980,41.53099823,-85.47100067,6.0993,18.2979,70786.42967,0.44161585,7.68782568,1.849482096,"(41.53099823, -85.47100067)"
26,23348,41.11000061,-85.09999847,0.1944,0.5832,2109.734548,0.412958294,7.313666821,4.129435729,"(41.11000061, -85.09999847)"
27,22325,41.42300034,-85.34100342,11.2752,33.8256,131193.1011,0.442752868,7.712534428,0.81284147,"(41.42300034, -85.34100342)"
28,21302,41.75699997,-85.8769989,9.8091,29.4273,104353.637,0.40481171,7.201366425,5.020807937,"(41.75699997, -85.8769989)"
29,20981,41.8219986,-85.42099762,18.549,55.647,207898.6885,0.426487088,7.482682705,20.00778664,"(41.8219986, -85.42099762)"
30,21307,41.70299911,-85.14499664,1.6605,4.9815,19077.65466,0.437180459,7.636117458,1.272231011,"(41.70299911, -85.14499664)"
31,21304,41.73600006,-85.58399963,6.4638,19.3914,71371.65768,0.42015788,7.406183243,15.05040628,"(41.73600006, -85.58399963)"
32,22668,41.3370018,-85.50299835,18.1764,54.5292,208380.1,0.436237514,7.624433517,7.522540918,"(41.3370018, -85.50299835)"
33,20984,41.78900146,-84.98200226,5.5485,16.6455,63045.32082,0.432366371,7.568328857,7.181862264,"(41.78900146, -84.98200226)"
34,22322,41.45500183,-85.77799988,11.259,33.777,127411.5007,0.430609345,7.550951958,0.825636775,"(41.45500183, -85.77799988)"
35,21981,41.52000046,-85.32499695,2.561625,7.684875,29567.62032,0.439213276,7.650876999,2.42581359,"(41.52000046, -85.32499695)"
36,33134,38.21900177,-85.85800171,12.0609,36.1827,100960.5322,0.318527222,6.327652931,1.024176056,"(38.21900177, -85.85800171)"
37,32197,38.5,-85.67299652,34.2468,102.7404,295439.2144,0.32826364,6.37295723,1.448807623,"(38.5, -85.67299652)"
38,28655,39.54700089,-85.22000122,39.4632,118.3896,405952.0442,0.391432673,7.13939333,0.613864347,"(39.54700089, -85.22000122)"
39,28979,39.45000076,-85.23600006,41.5044,124.5132,416177.5746,0.381556779,7.041843414,5.507040199,"(39.45000076, -85.23600006)"
40,29630,39.24499893,-85.12799835,21.9996,65.9988,236627.2636,0.409283876,7.397408485,5.578570933,"(39.24499893, -85.12799835)"
41,29952,39.16999817,-85.42500305,45.1332,135.3996,473077.2008,0.398850858,7.230289459,3.72681284,"(39.16999817, -85.42500305)"
42,28329,39.67699814,-85.6289978,31.3308,93.9924,346273.2177,0.42055428,7.480030537,1.527962597,"(39.67699814, -85.6289978)"
43,29304,39.35300064,-85.2519989,30.1968,90.5904,315264.9544,0.397273332,7.262300491,4.308488646,"(39.35300064, -85.2519989)"
44,28327,39.69800186,-85.91300201,21.708,65.124,230458.7671,0.40396902,7.234854698,1.135390729,"(39.69800186, -85.91300201)"
45,28976,39.48300171,-85.66000366,36.45,109.35,395856.3667,0.413251787,7.385962009,5.312467762,"(39.48300171, -85.66000366)"
46,28652,39.58000183,-85.64499664,28.8522,86.5566,316190.3203,0.417007893,7.438483715,4.003501974,"(39.58000183, -85.64499664)"
47,29953,39.1590004,-85.28399658,33.7608,101.2824,357639.3394,0.403094798,7.331129551,8.556822283,"(39.1590004, -85.28399658)"
48,29626,39.2879982,-85.69100189,48.3408,145.0224,504758.6768,0.397323817,7.173505783,3.220171186,"(39.2879982, -85.69100189)"
49,21308,41.68000031,-84.85299683,0.7452,2.2356,8608.806115,0.439586878,7.640890598,9.584010218,"(41.68000031, -84.85299683)"
50,23013,41.19599915,-84.93900299,18.6624,55.9872,207012.2039,0.422088087,7.402048588,0.9648967,"(41.19599915, -84.93900299)"
51,21643,41.58300018,-84.87000275,0.0891,0.2673,1017.296137,0.43445453,7.561637402,8.997569378,"(41.58300018, -84.87000275)"
52,23014,41.18500137,-84.79399872,31.5252,94.5756,340926.6021,0.411507428,7.272699356,10.46100607,"(41.18500137, -84.79399872)"
53,22672,41.29299927,-84.92199707,17.9172,53.7516,199086.5002,0.422811031,7.408959866,7.707143175,"(41.29299927, -84.92199707)"
54,22329,41.37799835,-84.75900269,19.5048,58.5144,219774.934,0.428757071,7.475436687,12.76757427,"(41.37799835, -84.75900269)"
55,22328,41.38999939,-84.90399933,22.68,68.04,254132.6937,0.426375389,7.45372057,2.702627213,"(41.38999939, -84.90399933)"
56,22673,41.28099823,-84.77600098,23.5386,70.6158,258193.9885,0.417388171,7.325922966,0.270337415,"(41.28099823, -84.77600098)"
57,20985,41.77700043,-84.83599854,7.3305,21.9915,85248.10206,0.442512721,7.69414711,13.90229959,"(41.77700043, -84.83599854)"
58,23683,40.99100113,-84.82800293,42.4116,127.2348,477234.1106,0.428175151,7.509117126,3.179550417,"(40.99100113, -84.82800293)"
59,34298,37.96900177,-87.98999786,21.4488,64.3464,218035.7116,0.386811405,7.016154766,7.40891732,"(37.96900177, -87.98999786)"
60,34002,38.06700134,-87.97799683,33.5016,100.5048,343431.4421,0.390075922,7.05546093,15.51483414,"(38.06700134, -87.97799683)"
61,33713,38.16500092,-87.96600342,26.2278,78.6834,270141.4271,0.391925901,7.084630489,5.38485142,"(38.16500092, -87.96600342)"
62,33419,38.26200104,-87.95400238,28.269,84.807,292280.5293,0.393426925,7.09594059,6.083961252,"(38.26200104, -87.95400238)"
63,22997,41.35900116,-87.26499939,22.8582,68.5746,264706.56,0.440653592,7.650318623,7.907948381,"(41.35900116, -87.26499939)"
64,24004,41.07600021,-87.4509964,50.1228,150.3684,561786.785,0.426491946,7.470726967,6.936533265,"(41.07600021, -87.4509964)"
65,22311,41.57099915,-87.53099823,0.0567,0.1701,615.4014583,0.413000047,7.383999348,0.966152224,"(41.57099915, -87.53099823)"
66,31218,38.90999985,-87.30899811,46.5264,139.5792,495662.9283,0.405379355,7.241230488,0.004714328,"(38.90999985, -87.30899811)"
67,33720,38.10300064,-86.99500275,28.4148,85.2444,275326.0549,0.368703574,6.826630592,2.031938541,"(38.10300064, -86.99500275)"
68,33716,38.13899994,-87.55000305,25.272,75.816,265551.5734,0.399837852,7.197595596,6.37184414,"(38.13899994, -87.55000305)"
69,31219,38.90100098,-87.16799927,43.2864,129.8592,446309.0508,0.392336637,7.066089153,1.773981758,"(38.90100098, -87.16799927)"
70,33719,38.11199951,-87.13300323,28.1232,84.3696,271849.1842,0.3678222,6.801618576,3.182256639,"(38.11199951, -87.13300323)"
71,32813,38.41400146,-87.23400116,21.3516,64.0548,219667.4262,0.391480267,7.094727993,6.103551394,"(38.41400146, -87.23400116)"
72,32810,38.43999863,-87.65200043,36.4176,109.2528,378288.1453,0.395262897,7.117097855,3.442485841,"(38.43999863, -87.65200043)"
73,32809,38.44900131,-87.79100037,42.4116,127.2348,450791.5355,0.404450834,7.242153168,8.971919641,"(38.44900131, -87.79100037)"
74,33120,38.35100174,-87.8030014,32.4,97.2,336538.9474,0.395243704,7.118298054,4.243572462,"(38.35100174, -87.8030014)"
75,33132,38.23899841,-86.13500214,21.465,64.395,199937.1216,0.354435474,6.70855093,1.097281063,"(38.23899841, -86.13500214)"
76,25706,40.51599884,-86.36499786,34.3764,103.1292,395173.3303,0.437423259,7.649956703,9.905928763,"(40.51599884, -86.36499786)"
77,27341,40.04000092,-86.58000183,44.0316,132.0948,517968.2753,0.447623968,7.847435474,1.985263313,"(40.04000092, -86.58000183)"
78,25705,40.52500153,-86.50800323,27.5562,82.6686,311892.5635,0.43068558,7.558115005,9.252183669,"(40.52500153, -86.50800323)"
79,25708,40.49599838,-86.07700348,20.4768,61.4304,234814.4026,0.436352313,7.62269783,4.249692112,"(40.49599838, -86.07700348)"
80,24688,40.83599854,-86.7539978,10.5867,31.7601,113511.2207,0.407993108,7.254430771,2.099086611,"(40.83599854, -86.7539978)"
81,26367,40.3409996,-86.68000031,4.9572,14.8716,57521.19122,0.44153595,7.775648117,0.532421586,"(40.3409996, -86.68000031)"
82,26692,40.2140007,-86.26499939,40.5,121.5,475223.2459,0.446495712,7.808542252,15.03373829,"(40.2140007, -86.26499939)"
83,25033,40.70000076,-86.19100189,23.8788,71.6364,268766.0713,0.428288668,7.550127506,3.586901417,"(40.70000076, -86.19100189)"
84,27342,40.02999878,-86.43699646,36.6768,110.0304,429578.8571,0.445683032,7.801751614,11.91326028,"(40.02999878, -86.43699646)"
85,25032,40.70999908,-86.33499908,23.2308,69.6924,258652.6837,0.423669755,7.476447582,6.127283594,"(40.70999908, -86.33499908)"
86,31225,38.84400177,-86.32700348,44.1288,132.3864,434645.5935,0.374789834,6.907850266,4.802293192,"(38.84400177, -86.32700348)"
87,30582,39.01800156,-86.01799774,44.1936,132.5808,418078.8951,0.359975964,6.705453396,1.664397853,"(39.01800156, -86.01799774)"
88,33127,38.28900146,-86.82900238,34.668,104.004,351995.9378,0.386352301,7.064292431,3.887696599,"(38.28900146, -86.82900238)"
89,34012,37.97700119,-86.59300232,57.7368,173.2104,537648.7916,0.354340345,6.70664978,11.59683277,"(37.97700119, -86.59300232)"
90,33128,38.27899933,-86.69000244,50.22,150.66,493313.725,0.373784363,6.92308712,1.090013247,"(38.27899933, -86.69000244)"
91,33428,38.18199921,-86.70400238,49.896,149.688,481253.9551,0.367014498,6.837231159,5.281157005,"(38.18199921, -86.70400238)"
92,31549,38.73600006,-86.20200348,68.7528,206.2584,672465.0822,0.37218082,6.97866869,8.336687253,"(38.73600006, -86.20200348)"
93,31226,38.83300018,-86.18699646,13.4217,40.2651,126908.4906,0.35979721,6.762293339,0.054498131,"(38.83300018, -86.18699646)"
94,32820,38.34700012,-86.25900269,38.1672,114.5016,361780.8693,0.360686541,6.795674324,2.362253746,"(38.34700012, -86.25900269)"
95,34010,37.99599838,-86.87000275,17.982,53.946,171712.3191,0.363360822,6.76918745,0.805410598,"(37.99599838, -86.87000275)"
96,34013,37.96699905,-86.45500183,58.2876,174.8628,542343.4147,0.354056716,6.713736057,17.4905938,"(37.96699905, -86.45500183)"
97,33427,38.19100189,-86.84300232,30.8448,92.5344,307853.8459,0.379784524,6.979520321,3.880524895,"(38.19100189, -86.84300232)"
98,27017,40.09700012,-85.9940033,13.0329,39.0987,142570.0627,0.416257352,7.363690376,1.673971923,"(40.09700012, -85.9940033)"
99,26366,40.34999847,-86.8239975,2.48265,7.44795,27511.17258,0.421665668,7.49901247,1.589036686,"(40.34999847, -86.8239975)"
100,26688,40.25299835,-86.83799744,14.6934,44.0802,170329.8739,0.4411062,7.746281624,0.224581534,"(40.25299835, -86.83799744)"
101,26689,40.24399948,-86.69499969,27.0702,81.2106,315165.149,0.443017989,7.763101578,2.254751553,"(40.24399948, -86.69499969)"
102,27670,39.9620018,-86.8789978,41.1804,123.5412,476457.0876,0.440258622,7.737989426,0.119802893,"(39.9620018, -86.8789978)"
103,25372,40.60300064,-86.20600128,32.1732,96.5196,371005.7506,0.438794345,7.663277626,0.217985884,"(40.60300064, -86.20600128)"
104,24350,40.91400146,-86.44999695,37.422,112.266,414269.6903,0.421241164,7.439328671,19.35348826,"(40.91400146, -86.44999695)"
105,24347,40.94300079,-86.88400269,51.9696,155.9088,567673.4408,0.415646225,7.336958408,7.498644055,"(40.94300079, -86.88400269)"
106,26041,40.39799881,-86.09200287,27.297,81.891,316318.0028,0.440944195,7.716020107,1.046411909,"(40.39799881, -86.09200287)"
107,26369,40.32099915,-86.39399719,27.3456,82.0368,321628.4552,0.447550088,7.819635391,1.103421985,"(40.32099915, -86.39399719)"
108,24687,40.84500122,-86.89800262,27.6372,82.9116,298191.4579,0.410559207,7.2862463,9.005625438,"(40.84500122, -86.89800262)"
109,29956,39.125,-84.86299896,15.6897,47.0691,126043.8325,0.305690259,6.147050858,4.680291217,"(39.125, -84.86299896)"
110,28658,39.51300049,-84.79599762,35.4456,106.3368,377781.0839,0.405557573,7.312599659,4.474129003,"(39.51300049, -84.79599762)"
111,28010,39.71900177,-84.90399933,44.5176,133.5528,483239.7728,0.413052797,7.399905682,1.875792448,"(39.71900177, -84.90399933)"
112,28334,39.62200165,-84.92099762,34.2144,102.6432,365621.0046,0.406627595,7.306835651,6.463686068,"(39.62200165, -84.92099762)"
113,27684,39.81600189,-84.88800049,12.717,38.151,134347.1225,0.401992857,7.259521008,1.575455415,"(39.81600189, -84.88800049)"
114,30272,39.02799988,-84.8789978,23.2956,69.8868,187300.4161,0.305942267,6.148395538,6.39901652,"(39.02799988, -84.8789978)"
115,27353,39.9129982,-84.8710022,30.3102,90.9306,340308.1103,0.427226454,7.562874317,0.252213254,"(39.9129982, -84.8710022)"
116,28335,39.61000061,-84.77899933,35.3808,106.1424,385095.4561,0.414166898,7.408640862,0.216359586,"(39.61000061, -84.77899933)"
117,28982,39.41600037,-84.81300354,40.5324,121.5972,418814.3774,0.393182248,7.161983013,3.215548336,"(39.41600037, -84.81300354)"
118,28011,39.70700073,-84.76300049,50.0256,150.0768,568575.0953,0.43248412,7.663953304,8.973470636,"(39.70700073, -84.76300049)"
119,25711,40.4640007,-85.64700317,5.13135,15.39405,58490.04134,0.43373546,7.597501278,5.726817732,"(40.4640007, -85.64700317)"
120,24006,41.05799866,-87.16000366,49.8312,149.4936,550277.8165,0.420199275,7.406562328,11.08584403,"(41.05799866, -87.16000366)"
121,22655,41.46500015,-87.39800262,1.1502,3.4506,13188.87456,0.436323911,7.64302063,1.599692923,"(41.46500015, -87.39800262)"
122,22657,41.4469986,-87.10600281,7.8894,23.6682,90018.68689,0.434173524,7.570948601,4.528973779,"(41.4469986, -87.10600281)"
123,22996,41.36800003,-87.41100311,10.3194,30.9582,120200.3944,0.443226874,7.687379837,1.130718921,"(41.36800003, -87.41100311)"
124,23666,41.16400146,-87.29199982,33.4368,100.3104,368284.4157,0.419115067,7.397690773,1.889848303,"(41.16400146, -87.29199982)"
125,22313,41.54399872,-87.09200287,2.0898,6.2694,23962.5525,0.436317861,7.665205956,1.355118947,"(41.54399872, -87.09200287)"
126,24343,40.97900009,-87.46399689,52.1964,156.5892,578238.9405,0.421542555,7.413740158,14.11345597,"(40.97900009, -87.46399689)"
127,22312,41.5530014,-87.23799896,2.4867,7.4601,28261.20848,0.432456046,7.619749069,2.38703108,"(41.5530014, -87.23799896)"
128,24005,41.06700134,-87.30599976,62.5968,187.7904,695842.9457,0.422993541,7.437530041,2.074655381,"(41.06700134, -87.30599976)"
129,21969,41.64099884,-87.07800293,0.83025,2.49075,9551.596407,0.437765688,7.680149555,1.779917702,"(41.64099884, -87.07800293)"
130,30253,39.21900177,-87.55200195,37.4868,112.4604,391712.4594,0.39761582,7.126753807,1.724617136,"(39.21900177, -87.55200195)"
131,28639,39.70600128,-87.48799896,37.422,112.266,408627.6888,0.415504217,7.342103958,0.913688527,"(39.70600128, -87.48799896)"
132,25364,40.67900085,-87.35900116,60.1668,180.5004,700343.4042,0.442923546,7.712066174,11.80491529,"(40.67900085, -87.35900116)"
133,23007,41.26100159,-85.80999756,7.8651,23.5953,87787.81938,0.424721897,7.48382473,3.584425882,"(41.26100159, -85.80999756)"
134,28333,39.63299942,-85.06199646,35.1216,105.3648,372061.1263,0.403101712,7.272277355,3.195913634,"(39.63299942, -85.06199646)"
135,28654,39.55799866,-85.36199951,45.0036,135.0108,506215.6778,0.428018928,7.618289948,9.643471834,"(39.55799866, -85.36199951)"
136,29301,39.38600159,-85.6760025,40.9536,122.8608,436313.2044,0.405397356,7.280186176,6.730399034,"(39.38600159, -85.6760025)"
137,27351,39.93600082,-85.15499878,30.9744,92.9232,352768.8809,0.433373153,7.637820721,0.500123091,"(39.93600082, -85.15499878)"
138,28650,39.60100174,-85.9280014,32.8212,98.4636,337238.4715,0.390982479,7.070924759,5.400172434,"(39.60100174, -85.9280014)"
139,30265,39.10499954,-85.86199951,43.2216,129.6648,408128.9289,0.359311551,6.679708004,0.954022492,"(39.10499954, -85.86199951)"
140,27350,39.9469986,-85.29799652,42.5412,127.6236,493181.9353,0.441135556,7.762719631,5.703261277,"(39.9469986, -85.29799652)"
141,29954,39.14799881,-85.14399719,32.5296,97.5888,341678.8839,0.399681509,7.290915489,9.251061328,"(39.14799881, -85.14399719)"
142,25038,40.64799881,-85.47100067,25.3692,76.1076,288538.5196,0.432784468,7.586735725,5.815036225,"(40.64799881, -85.47100067)"
143,25377,40.55099869,-85.48699951,8.6103,25.8309,98935.92811,0.437230438,7.664851189,2.442029227,"(40.55099869, -85.48699951)"
144,27018,40.0870018,-85.85199738,33.4368,100.3104,370858.8667,0.422044843,7.463559151,1.263762364,"(40.0870018, -85.85199738)"
145,25374,40.58200073,-85.91799927,37.7136,113.1408,430311.4206,0.43416971,7.594229221,7.427136622,"(40.58200073, -85.91799927)"
146,26044,40.36700058,-85.66200256,29.1114,87.3342,332666.906,0.434831649,7.614170551,15.06572417,"(40.36700058, -85.66200256)"
147,23349,41.09899902,-84.95600128,19.116,57.348,210748.4847,0.419509768,7.386774063,3.062727348,"(41.09899902, -84.95600128)"
148,21642,41.59500122,-85.01599884,0.0405,0.1215,464.2651004,0.436199993,7.612000465,3.334793241,"(41.59500122, -85.01599884)"
149,21639,41.62799835,-85.45400238,5.4837,16.4511,62799.68295,0.435771078,7.61347723,3.480817899,"(41.62799835, -85.45400238)"
150,31877,38.57600021,-85.3789978,33.372,100.116,307124.8886,0.350192964,6.669064999,2.466765975,"(38.57600021, -85.3789978)"
151,33434,38.12200165,-85.87200165,7.5897,22.7691,65661.26512,0.329199582,6.462269783,2.027198403,"(38.12200165, -85.87200165)"
152,30909,38.86700058,-85.33200073,46.7856,140.3568,453055.6508,0.368480057,6.864602566,2.464223083,"(38.86700058, -85.33200073)"
153,30910,38.85599899,-85.19200134,39.5928,118.7784,382574.6688,0.367683917,6.868611813,0.446208557,"(38.85599899, -85.19200134)"
154,24701,40.70000076,-84.8789978,35.4456,106.3368,394364.0536,0.423359811,7.445241451,3.799606549,"(40.70000076, -84.8789978)"
155,25381,40.50600052,-84.91300201,36.3528,109.0584,412214.7222,0.431479603,7.588679314,13.14248053,"(40.50600052, -84.91300201)"
156,24361,40.79700089,-84.86199951,36.612,109.836,409463.714,0.42556569,7.460205555,15.22752768,"(40.79700089, -84.86199951)"
157,27025,40.00999832,-84.85399628,45.522,136.566,535974.5111,0.448020041,7.862289906,1.495866236,"(40.00999832, -84.85399628)"
158,25716,40.4090004,-84.93000031,25.6446,76.9338,293330.605,0.435247302,7.651304245,10.85945976,"(40.4090004, -84.93000031)"
159,26380,40.20399857,-84.81999969,33.3396,100.0188,385259.3856,0.439711154,7.753175259,4.053000145,"(40.20399857, -84.81999969)"
160,26702,40.10699844,-84.83699799,43.6428,130.9284,515945.0045,0.449847639,7.914181232,10.58357216,"(40.10699844, -84.83699799)"
161,25382,40.49499893,-84.76899719,43.4808,130.4424,494766.5717,0.432989597,7.60832262,4.586799792,"(40.49499893, -84.76899719)"
162,25717,40.39799881,-84.78600311,32.805,98.415,381858.3782,0.442931861,7.770992279,5.728931899,"(40.39799881, -84.78600311)"
163,26050,40.30099869,-84.8030014,42.0876,126.2628,486644.655,0.439979494,7.719385147,14.54863449,"(40.30099869, -84.8030014)"
164,22654,41.47299957,-87.54399872,2.63655,7.90965,29905.71214,0.43161127,7.593655586,2.218281659,"(41.47299957, -87.54399872)"
165,31863,38.71500015,-87.33499908,43.4484,130.3452,465578.7965,0.40775007,7.287658691,6.080954955,"(38.71500015, -87.33499908)"
166,34009,38.00600052,-87.00800323,29.8404,89.5212,295524.237,0.3768453,6.935577393,2.348895895,"(38.00600052, -87.00800323)"
167,32500,38.52899933,-87.5,34.9272,104.7816,367343.7287,0.40020591,7.192812443,2.335805591,"(38.52899933, -87.5)"
168,34008,38.01499939,-87.14600372,22.0158,66.0474,216199.7973,0.373676211,6.88915062,1.188494541,"(38.01499939, -87.14600372)"
169,33421,38.24499893,-87.6760025,31.8492,95.5476,340561.2136,0.40688464,7.285795212,5.234222152,"(38.24499893, -87.6760025)"
170,32499,38.5379982,-87.63899994,48.9888,146.9664,512216.4287,0.397860974,7.148636341,9.283299202,"(38.5379982, -87.63899994)"
171,34005,38.04100037,-87.56199646,2.0898,6.2694,21124.5943,0.384643406,6.998934269,4.408662787,"(38.04100037, -87.56199646)"
172,33420,38.25400162,-87.81500244,35.9964,107.9892,369794.5008,0.390909314,7.071047306,4.316621727,"(38.25400162, -87.81500244)"
173,31864,38.70600128,-87.19499969,40.2732,120.8196,416972.3856,0.393972397,7.102913857,0.29069498,"(38.70600128, -87.19499969)"
174,25371,40.61299896,-86.34999847,32.7888,98.3664,372360.8323,0.432128698,7.576243877,0.300600802,"(40.61299896, -86.34999847)"
175,26038,40.4280014,-86.52300262,20.3472,61.0416,234508.1391,0.438558877,7.700870991,1.378077784,"(40.4280014, -86.52300262)"
176,30904,38.92100143,-86.03199768,34.2468,102.7404,323035.6248,0.358926117,6.713710308,2.15585599,"(38.92100143, -86.03199768)"
177,32511,38.42399979,-85.96700287,24.8994,74.6982,253107.2274,0.386803418,7.158069611,4.69654253,"(38.42399979, -85.96700287)"
178,30585,38.98600006,-85.59700012,27.054,81.162,265508.7612,0.373441011,6.894949913,4.847241879,"(38.98600006, -85.59700012)"
179,32819,38.35699844,-86.39800262,36.1584,108.4752,346033.3219,0.364152551,6.825012207,0.46084441,"(38.35699844, -86.39800262)"
180,30591,38.91899872,-84.7559967,28.9494,86.8482,246715.0601,0.324287891,6.345584869,5.18731719,"(38.91899872, -84.7559967)"
181,30913,38.8219986,-84.77300262,29.7432,89.2296,243516.5126,0.31154111,6.213774681,0.432371481,"(38.8219986, -84.77300262)"
182,30912,38.83399963,-84.91200256,37.908,113.724,340714.8126,0.342006832,6.558881283,7.439410744,"(38.83399963, -84.91200256)"
183,30590,38.93099976,-84.89600372,36.612,109.836,316058.5082,0.328487366,6.408984184,4.44540346,"(38.93099976, -84.89600372)"
184,34306,37.89899826,-86.88300323,20.7684,62.3052,202745.4777,0.37146917,6.892047882,2.908968157,"(37.89899826, -86.88300323)"
185,34307,37.88899994,-86.74500275,22.194,66.582,209263.0868,0.358782858,6.761121273,4.315768692,"(37.88899994, -86.74500275)"
186,34308,37.88000107,-86.60700226,41.796,125.388,374015.2252,0.340509474,6.525729179,5.644182693,"(37.88000107, -86.60700226)"
187,34309,37.86999893,-86.46900177,40.9536,122.8608,375304.9862,0.348711997,6.652574062,8.812287918,"(37.86999893, -86.46900177)"
188,34615,37.7820015,-86.62000275,54.27,162.81,504771.1313,0.35392344,6.738838673,4.798532808,"(37.7820015, -86.62000275)"
189,28323,39.73799896,-86.48000336,22.9878,68.9634,258001.8905,0.427071035,7.556319714,3.706267164,"(39.73799896, -86.48000336)"
190,29293,39.4659996,-86.80599976,38.8152,116.4456,421394.5412,0.413106203,7.386614323,3.295797928,"(39.4659996, -86.80599976)"
191,28000,39.83599854,-86.46600342,25.4016,76.2048,295069.9916,0.442016631,7.761267662,3.469214416,"(39.83599854, -86.46600342)"
192,29944,39.2519989,-86.5510025,27.216,81.648,261951.0184,0.366243929,6.824224472,5.739178413,"(39.2519989, -86.5510025)"
193,30899,38.97000122,-86.73400116,51.4512,154.3536,534750.1723,0.395485044,7.171257019,6.617889521,"(38.97000122, -86.73400116)"
194,29624,39.30899811,-85.97299957,44.9064,134.7192,434608.9739,0.368268937,6.793711185,4.194889998,"(39.30899811, -85.97299957)"
195,28322,39.7480011,-86.6230011,42.1848,126.5544,486739.0396,0.439050853,7.717053413,4.588127632,"(39.7480011, -86.6230011)"
196,28645,39.65100098,-86.63700104,43.9344,131.8032,488613.7674,0.423190236,7.489135265,6.882053794,"(39.65100098, -86.63700104)"
197,29621,39.34000015,-86.39600372,70.956,212.868,719954.0748,0.38609156,7.07272768,9.587189416,"(39.34000015, -86.39600372)"
198,23338,41.21500015,-86.5510025,23.2794,69.8382,253174.8892,0.413831443,7.336954117,4.744084284,"(41.21500015, -86.5510025)"
199,21631,41.70999908,-86.625,4.7142,14.1426,55143.882,0.445106536,7.752739906,0.874663544,"(41.70999908, -86.625)"
200,22316,41.51599884,-86.65399933,20.0556,60.1668,223351.1459,0.42376703,7.425281048,6.444648985,"(41.51599884, -86.65399933)"
201,23006,41.27199936,-85.95500183,15.8679,47.6037,176225.5432,0.422594696,7.440725327,4.462817658,"(41.27199936, -85.95500183)"
202,23005,41.2820015,-86.09999847,19.7478,59.2434,220472.5038,0.424825281,7.464492798,2.964878417,"(41.2820015, -86.09999847)"
203,23342,41.17499924,-85.97000122,31.6224,94.8672,356063.8689,0.428457469,7.543529987,0.184267945,"(41.17499924, -85.97000122)"
204,22315,41.52500153,-86.80000305,24.786,74.358,283302.8216,0.434929729,7.583150387,2.254041342,"(41.52500153, -86.80000305)"
205,23341,41.18500137,-86.11599731,19.3104,57.9312,214605.4206,0.422886729,7.466071129,8.259132387,"(41.18500137, -86.11599731)"
206,21298,41.79700089,-86.46299744,4.0257,12.0771,45948.83598,0.434317917,7.598330021,0.393086128,"(41.79700089, -86.46299744)"
207,21301,41.76699829,-86.02400208,8.7804,26.3412,96516.89972,0.418276727,7.377649307,0.757913589,"(41.76699829, -86.02400208)"
208,27995,39.88299942,-87.1780014,45.7164,137.1492,495520.955,0.412443668,7.334361076,6.738506461,"(39.88299942, -87.1780014)"
209,28963,39.60900116,-87.50099945,40.2732,120.8196,440433.7692,0.416139662,7.370863438,0.542343498,"(39.60900116, -87.50099945)"
210,30572,39.11299896,-87.4240036,29.2248,87.6744,311599.5893,0.405713975,7.233293056,3.92725953,"(39.11299896, -87.4240036)"
211,28964,39.59999847,-87.35900116,26.001,78.003,268855.1386,0.393462121,7.0636096,2.226002518,"(39.59999847, -87.35900116)"
212,30575,39.08599854,-87.00099945,39.6576,118.9728,405173.2396,0.388766617,7.043337345,1.868458615,"(39.08599854, -87.00099945)"
213,30571,39.12200165,-87.56500244,40.6944,122.0832,430499.9788,0.402543783,7.18764925,7.902125382,"(39.12200165, -87.56500244)"
214,28966,39.58200073,-87.0759964,36.8712,110.6136,400628.1438,0.413455546,7.353479385,13.52815088,"(39.58200073, -87.0759964)"
215,27335,40.09500122,-87.43699646,40.1436,120.4308,434932.5213,0.412268549,7.277850628,4.800764939,"(40.09500122, -87.43699646)"
216,31543,38.79399872,-87.04100037,29.8404,89.5212,310036.086,0.395350456,7.118368626,1.472875422,"(38.79399872, -87.04100037)"
217,29307,39.31900024,-84.83000183,22.842,68.526,215117.5786,0.35835743,6.727745533,4.124017913,"(39.31900024, -84.83000183)"
218,29632,39.22200012,-84.84600067,17.7552,53.2656,156298.5351,0.334968507,6.47990036,5.311514997,"(39.22200012, -84.84600067)"
219,27682,39.83800125,-85.17199707,36.0936,108.2808,393860.7202,0.415228456,7.409155369,5.269995305,"(39.83800125, -85.17199707)"
220,28328,39.68799973,-85.77100372,34.83,104.49,375341.4116,0.410060227,7.322656155,0.883169904,"(39.68799973, -85.77100372)"
221,29629,39.25600052,-85.26799774,23.571,70.713,252795.6661,0.408099681,7.383768082,4.225724687,"(39.25600052, -85.26799774)"
222,27681,39.84999847,-85.31400299,42.8976,128.6928,497825.7569,0.441589773,7.784754276,8.477615702,"(39.84999847, -85.31400299)"
223,28007,39.7519989,-85.33000183,48.5028,145.5084,551742.5451,0.432856858,7.658362865,14.73664207,"(39.7519989, -85.33000183)"
224,30583,39.00699997,-85.8769989,30.0348,90.1044,285004.0887,0.361077964,6.697357655,3.693563566,"(39.00699997, -85.8769989)"
225,29950,39.19100189,-85.70600128,49.086,147.258,505544.4658,0.391900986,7.10264349,1.931277436,"(39.19100189, -85.70600128)"
226,28004,39.78499985,-85.7559967,31.428,94.284,348237.6988,0.421632111,7.480206966,2.649406041,"(39.78499985, -85.7559967)"
227,29625,39.29899979,-85.83200073,36.2232,108.6696,361773.773,0.380036145,6.929902077,2.200617194,"(39.29899979, -85.83200073)"
228,31230,38.79199982,-85.62799835,33.858,101.574,324058.0891,0.364196867,6.77783823,5.539106437,"(38.79199982, -85.62799835)"
229,31554,38.68399811,-85.50299835,31.1688,93.5064,305899.6111,0.373450875,6.936052322,6.90337253,"(38.68399811, -85.50299835)"
230,32196,38.51100159,-85.81300354,45.5868,136.7604,387992.4948,0.323861152,6.344098091,5.537228539,"(38.51100159, -85.81300354)"
231,31551,38.7159996,-85.92199707,45.9756,137.9268,422228.7863,0.349458069,6.667687416,0.814193886,"(38.7159996, -85.92199707)"
232,30911,38.84500122,-85.05200195,35.1216,105.3648,326670.4275,0.353924125,6.694339752,3.496734617,"(38.84500122, -85.05200195)"
233,32825,38.29499817,-85.56500244,1.6605,4.9815,15496.15138,0.355107307,6.722117424,0.525076741,"(38.29499817, -85.56500244)"
234,31234,38.7480011,-85.06800079,27.54,82.62,233596.8487,0.322758496,6.350333214,2.113388012,"(38.7480011, -85.06800079)"
235,31557,38.65100098,-85.08499908,30.456,91.368,266471.5705,0.33292979,6.477577209,0.313560173,"(38.65100098, -85.08499908)"
236,31555,38.67300034,-85.36399841,33.0156,99.0468,322456.8963,0.37164399,6.941978455,0.432076351,"(38.67300034, -85.36399841)"
237,31876,38.5870018,-85.51899719,44.6472,133.9416,432735.041,0.368809819,6.865878582,9.084404355,"(38.5870018, -85.51899719)"
238,32512,38.4129982,-85.82800293,24.1218,72.3654,222267.5776,0.350623518,6.728186607,6.809054861,"(38.4129982, -85.82800293)"
239,32821,38.3370018,-86.12000275,24.5592,73.6776,241593.8993,0.374322891,6.953503609,4.222014083,"(38.3370018, -86.12000275)"
240,24698,40.73400116,-85.31099701,47.6928,143.0784,549743.1116,0.438613117,7.661289215,0.562452645,"(40.73400116, -85.31099701)"
241,27348,39.9679985,-85.58200073,35.7696,107.3088,408715.6234,0.43479225,7.677099228,2.902826336,"(39.9679985, -85.58200073)"
242,26377,40.23799896,-85.24900055,34.5708,103.7124,397895.4478,0.437959731,7.707130909,4.475221696,"(40.23799896, -85.24900055)"
243,25380,40.51699829,-85.05599976,33.3396,100.0188,378159.9945,0.431608349,7.582915783,7.761295801,"(40.51699829, -85.05599976)"
244,27349,39.95800018,-85.44000244,34.3764,103.1292,396710.7045,0.439125001,7.731291771,5.046503873,"(39.95800018, -85.44000244)"
245,24695,40.76599884,-85.74299622,41.0508,123.1524,466677.7514,0.43258366,7.580034733,6.437347572,"(40.76599884, -85.74299622)"
246,27023,40.03300095,-85.13899994,30.4884,91.4652,356816.6004,0.445333183,7.818323612,2.711164559,"(40.03300095, -85.13899994)"
247,26373,40.28099823,-85.82099915,34.2792,102.8376,389461.1833,0.4323228,7.580761433,3.873819398,"(40.28099823, -85.82099915)"
248,27346,39.98899841,-85.86699677,22.5504,67.6512,248853.559,0.419917762,7.436959743,4.32562199,"(39.98899841, -85.86699677)"
249,26695,40.18399811,-85.83599854,38.3292,114.9876,426388.2086,0.423301756,7.462702274,10.75292281,"(40.18399811, -85.83599854)"
250,22670,41.31499863,-85.21199799,13.2678,39.8034,150143.6733,0.43060866,7.524806976,3.995053565,"(41.31499863, -85.21199799)"
251,23008,41.25099945,-85.66400146,17.3664,52.0992,197775.2433,0.43334797,7.604118347,2.331749185,"(41.25099945, -85.66400146)"
252,23011,41.2179985,-85.22899628,12.4821,37.4463,140145.4008,0.427234024,7.491584301,3.153536196,"(41.2179985, -85.22899628)"
253,21303,41.74599838,-85.73100281,10.0359,30.1077,106494.028,0.403778851,7.204624176,11.39575146,"(41.74599838, -85.73100281)"
254,21979,41.54199982,-85.61599731,15.1551,45.4653,174564.4122,0.438300073,7.638909817,2.409217535,"(41.54199982, -85.61599731)"
255,23343,41.16400146,-85.82499695,19.4562,58.3686,220625.5177,0.431491613,7.580523491,1.20787028,"(41.16400146, -85.82499695)"
256,21306,41.7140007,-85.29199982,13.3731,40.1193,152132.9281,0.432878256,7.575140476,9.452051866,"(41.7140007, -85.29199982)"
257,23679,41.03499985,-85.40599823,33.5664,100.6992,385114.8449,0.436576277,7.619084835,5.847215905,"(41.03499985, -85.40599823)"
258,31552,38.70500183,-85.78299713,7.6221,22.8663,68214.39472,0.340546191,6.491866589,0.811353849,"(38.70500183, -85.78299713)"
259,32199,38.47900009,-85.39499664,34.9272,104.7816,328212.4475,0.357573986,6.773648262,0.972612741,"(38.47900009, -85.39499664)"
260,32198,38.48899841,-85.53399658,38.232,114.696,349561.6458,0.347913593,6.617290974,0.93723602,"(38.48899841, -85.53399658)"
261,32824,38.30599976,-85.70400238,0.8991,2.6973,7191.957826,0.304378361,6.09850502,2.210233765,"(38.30599976, -85.70400238)"
262,31229,38.8030014,-85.76699829,33.858,101.574,310966.7238,0.349483967,6.561441898,5.824609426,"(38.8030014, -85.76699829)"
263,32823,38.31600189,-85.84300232,4.4388,13.3164,40908.12095,0.350686133,6.687148094,0.670178056,"(38.31600189, -85.84300232)"
264,31556,38.66199875,-85.22399902,34.5384,103.6152,305959.4187,0.337082535,6.550061226,4.25308362,"(38.66199875, -85.22399902)"
265,33728,38.02399826,-85.88700104,28.9008,86.7024,254235.0761,0.334734321,6.509349823,0.73476624,"(38.02399826, -85.88700104)"
266,34922,37.77399826,-88.01300049,23.7654,71.2962,236001.4342,0.377871513,6.937271118,5.742982084,"(37.77399826, -88.01300049)"
267,34604,37.88000107,-88.13999939,39.8844,119.6532,403722.1763,0.385171533,7.009674549,12.83974245,"(37.88000107, -88.13999939)"
268,34605,37.87200165,-88.00099945,24.1056,72.3168,241097.4841,0.380582988,6.943462372,11.56789637,"(37.87200165, -88.00099945)"
269,25024,40.78499985,-87.48999786,49.5072,148.5216,549147.952,0.422080845,7.425706387,3.83706203,"(40.78499985, -87.48999786)"
270,27667,39.98899841,-87.30699921,46.4292,139.2876,514408.01,0.421590835,7.43261385,4.082519379,"(39.98899841, -87.30699921)"
271,27009,40.17499924,-87.13800049,55.404,166.212,630800.4258,0.433236957,7.613625526,0.044875715,"(40.17499924, -87.13800049)"
272,27010,40.16500092,-86.99500275,57.5424,172.6272,675868.0625,0.446939349,7.831694603,10.42102404,"(40.16500092, -86.99500275)"
273,26033,40.47499847,-87.24099731,60.1992,180.5976,677753.8419,0.428406358,7.492170334,7.770198183,"(40.47499847, -87.24099731)"
274,27007,40.19200134,-87.4240036,45.2952,135.8856,484308.7772,0.406859815,7.216972828,9.650979685,"(40.19200134, -87.4240036)"
275,25363,40.68700027,-87.50299835,69.66,208.98,789205.8348,0.431103408,7.533452034,13.31323507,"(40.68700027, -87.50299835)"
276,25698,40.59000015,-87.51599884,66.8088,200.4264,761960.0387,0.433983445,7.583749771,5.768408032,"(40.59000015, -87.51599884)"
277,26031,40.49300003,-87.52899933,62.1756,186.5268,714816.5796,0.437471002,7.601193428,4.952935452,"(40.49300003, -87.52899933)"
278,26032,40.48400116,-87.38500214,58.4496,175.3488,672647.3606,0.437905639,7.608950615,11.33873269,"(40.48400116, -87.38500214)"
279,32814,38.40499878,-87.09400177,38.88,116.64,396081.7898,0.387644172,7.044847965,7.361375239,"(38.40499878, -87.09400177)"
280,31216,38.92699814,-87.58999634,46.4292,139.2876,495527.7467,0.406117231,7.253560066,2.459182494,"(38.92699814, -87.58999634)"
281,31217,38.91899872,-87.4489975,43.416,130.248,451061.3781,0.395330638,7.104973316,1.149979904,"(38.91899872, -87.4489975)"
282,34003,38.05899811,-87.83899689,43.092,129.276,448480.0342,0.396023631,7.142696857,10.9516708,"(38.05899811, -87.83899689)"
283,32815,38.39500046,-86.95500183,18.225,54.675,184334.7518,0.384870231,7.009917736,1.901722928,"(38.39500046, -86.95500183)"
284,22314,41.53499985,-86.94599915,20.898,62.694,244338.1304,0.444898725,7.722456455,0.611623955,"(41.53499985, -86.94599915)"
285,22319,41.48600006,-86.21600342,15.7626,47.2878,176983.7803,0.42724821,7.502257347,4.779718975,"(41.48600006, -86.21600342)"
286,22662,41.39899826,-86.3769989,6.77565,20.32695,76121.6432,0.427495778,7.530439854,1.23106573,"(41.39899826, -86.3769989)"
287,22661,41.4090004,-86.52200317,20.412,61.236,222717.4272,0.415186554,7.350268841,2.134789266,"(41.4090004, -86.52200317)"
288,21297,41.80699921,-86.61000061,1.6848,5.0544,19266.47089,0.435139447,7.637033463,6.612519143,"(41.80699921, -86.61000061)"
289,23339,41.20500183,-86.40599823,7.857,23.571,86770.95427,0.420235038,7.421897888,6.382873231,"(41.20500183, -86.40599823)"
290,21635,41.66999817,-86.03900146,3.2562,9.7686,35090.65177,0.410067171,7.307741165,4.048785937,"(41.66999817, -86.03900146)"
291,23002,41.31200027,-86.53700256,17.6418,52.9254,194058.4103,0.418566257,7.400069714,3.439436775,"(41.31200027, -86.53700256)"
292,21629,41.72900009,-86.91799927,0.2025,0.6075,2303.018735,0.43275997,7.617720127,0.991427633,"(41.72900009, -86.91799927)"
293,21632,41.70000076,-86.47799683,19.764,59.292,221999.3976,0.427416801,7.48996067,0.890256671,"(41.70000076, -86.47799683)"
294,28977,39.47200012,-85.51899719,36.6444,109.9332,401207.0072,0.416615605,7.452244282,8.188835718,"(39.47200012, -85.51899719)"
295,23344,41.15399933,-85.68000031,23.7492,71.2476,271087.602,0.434345484,7.594887733,3.059699473,"(41.15399933, -85.68000031)"
296,26371,40.30099869,-86.10700226,29.0952,87.2856,338323.2688,0.442471355,7.728755474,1.060450996,"(40.30099869, -86.10700226)"
297,25028,40.7480011,-86.91200256,24.2028,72.6084,263117.6286,0.413674712,7.329023361,4.200466113,"(40.7480011, -86.91200256)"
298,25367,40.65100098,-86.9260025,30.4398,91.3194,336332.9021,0.42043823,7.412107944,0.613053004,"(40.65100098, -86.9260025)"
299,25031,40.72000122,-86.47899628,28.5444,85.6332,308446.149,0.411181033,7.311916828,10.68643851,"(40.72000122, -86.47899628)"
300,26694,40.19400024,-85.97899628,34.4412,103.3236,384878.4832,0.425226182,7.476966858,11.20990754,"(40.19400024, -85.97899628)"
301,25703,40.54499817,-86.79599762,5.3865,16.1595,57748.32471,0.407950401,7.224539757,1.311857565,"(40.54499817, -86.79599762)"
302,25030,40.72900009,-86.62400055,30.2616,90.7848,329719.3283,0.414597958,7.318919659,3.102187414,"(40.72900009, -86.62400055)"
303,26368,40.33100128,-86.53700256,14.1183,42.3549,164769.9838,0.444089323,7.777768612,4.732499452,"(40.33100128, -86.53700256)"
304,24690,40.81700134,-86.46499634,28.5444,85.6332,315411.9576,0.420466959,7.398366928,10.58672791,"(40.81700134, -86.46499634)"
305,27011,40.15599823,-86.85199738,48.0492,144.1476,556992.1571,0.441100508,7.725485802,0.274151997,"(40.15599823, -86.85199738)"
306,27343,40.02000046,-86.29499817,22.4694,67.4082,258456.6312,0.437694252,7.680010796,4.468214483,"(40.02000046, -86.29499817)"
307,29942,39.27099991,-86.83399963,37.422,112.266,384234.6052,0.390700638,7.075625896,2.457459341,"(39.27099991, -86.83399963)"
308,29299,39.4070015,-85.95800018,27.9288,83.7864,282813.2165,0.385320455,6.991250038,7.28057256,"(39.4070015, -85.95800018)"
309,28969,39.55400085,-86.65100098,42.5736,127.7208,466359.5653,0.416826338,7.420568943,5.598489265,"(39.55400085, -86.65100098)"
310,27673,39.93299866,-86.45200348,32.8536,98.5608,385345.1408,0.44631508,7.820677757,6.905756009,"(39.93299866, -86.45200348)"
311,29296,39.43700027,-86.38200378,22.7772,68.3316,219584.4109,0.36683926,6.809491634,5.984481544,"(39.43700027, -86.38200378)"
312,29298,39.41699982,-86.09899902,33.0318,99.0954,348606.5548,0.40158543,7.232594013,4.488155462,"(39.41699982, -86.09899902)"
313,27672,39.94300079,-86.59400177,41.6016,124.8048,491959.4602,0.449980736,7.881968498,3.519690641,"(39.94300079, -86.59400177)"
314,30577,39.06700134,-86.72000122,20.736,62.208,221029.1147,0.405601114,7.304786682,2.337317377,"(39.06700134, -86.72000122)"
315,28972,39.52399826,-86.22599792,21.9672,65.9016,229375.9201,0.397326708,7.191473961,1.461407773,"(39.52399826, -86.22599792)"
316,28326,39.70800018,-86.05500031,2.9484,8.8452,32085.38107,0.414090663,7.380417824,0.661185543,"(39.70800018, -86.05500031)"
317,31544,38.78499985,-86.90100098,25.92,77.76,264224.5447,0.387893766,7.042556286,2.760307284,"(38.78499985, -86.90100098)"
318,32505,38.48300171,-86.80200195,46.7208,140.1624,474572.0707,0.38651517,7.07064724,3.279591203,"(38.48300171, -86.80200195)"
319,33129,38.26900101,-86.5510025,47.9844,143.9532,463708.0403,0.367721647,6.872320175,7.570992062,"(38.26900101, -86.5510025)"
320,32822,38.32699966,-85.98200226,16.0866,48.2598,159375.9704,0.376992941,7.016288757,2.2374086,"(38.32699966, -85.98200226)"
321,33429,38.17200089,-86.56500244,66.6144,199.8432,634445.4278,0.362410516,6.808864117,18.13188838,"(38.17200089, -86.56500244)"
322,33130,38.25999832,-86.41300201,41.6664,124.9992,383230.3103,0.349984258,6.636939049,6.211990327,"(38.25999832, -86.41300201)"
323,33133,38.22900009,-85.9960022,23.5872,70.7616,236052.936,0.380809397,7.086237907,2.614134701,"(38.22900009, -85.9960022)"
324,33430,38.16199875,-86.42700195,43.3836,130.1508,385076.2983,0.337750375,6.493409634,17.28907604,"(38.16199875, -86.42700195)"
325,31866,38.68700027,-86.91500092,31.7034,95.1102,323446.5219,0.388214082,7.054311275,6.940032322,"(38.68700027, -86.91500092)"
326,32193,38.54199982,-86.23100281,51.6456,154.9368,537880.643,0.396302879,7.22155571,15.01242706,"(38.54199982, -86.23100281)"
327,28967,39.57300186,-86.93399811,40.662,121.986,433499.406,0.405671418,7.262687683,2.682094161,"(39.57300186, -86.93399811)"
328,28649,39.61100006,-86.06999969,12.0771,36.2313,130323.5381,0.410615027,7.328456402,3.524530959,"(39.61100006, -86.06999969)"
329,27998,39.85499954,-86.75099945,57.672,173.016,665416.9344,0.439039379,7.715595245,5.43960052,"(39.85499954, -86.75099945)"
330,28646,39.64099884,-86.49500275,38.6856,116.0568,425460.0789,0.418489069,7.4417243,9.257968878,"(39.64099884, -86.49500275)"
331,28647,39.63100052,-86.35299683,10.9674,32.9022,111396.3794,0.386493355,7.033710957,3.874645739,"(39.63100052, -86.35299683)"
332,29618,39.36899948,-86.81999969,41.6988,125.0964,444344.1861,0.40548107,7.278243542,0.13393086,"(39.36899948, -86.81999969)"
333,29297,39.42699814,-86.23999786,33.5988,100.7964,347974.9023,0.394093066,7.133254051,5.165070636,"(39.42699814, -86.23999786)"
334,31220,38.89199829,-87.02799988,35.5752,106.7256,370694.4547,0.39650017,7.1474967,1.225633564,"(38.89199829, -87.02799988)"
335,32183,38.63499832,-87.6269989,43.9344,131.8032,459903.2902,0.398323983,7.150642872,2.546340681,"(38.63499832, -87.6269989)"
336,31541,38.81200027,-87.3219986,38.5884,115.7652,411856.9736,0.406129271,7.262824059,6.251730499,"(38.81200027, -87.3219986)"
337,34006,38.03300095,-87.42299652,15.0255,45.0765,149850.7593,0.379493773,6.931335449,3.044992273,"(38.03300095, -87.42299652)"
338,33424,38.21900177,-87.25900269,37.9404,113.8212,385469.19,0.386600494,7.054588318,2.661200241,"(38.21900177, -87.25900269)"
339,34299,37.96099854,-87.85099792,28.026,84.078,288068.2512,0.391119003,7.076068401,4.991841017,"(37.96099854, -87.85099792)"
340,32503,38.5019989,-87.08100128,36.8388,110.5164,377644.4141,0.390078694,7.071580887,0.345443778,"(38.5019989, -87.08100128)"
341,33121,38.3429985,-87.66400146,33.9552,101.8656,357936.4659,0.401119977,7.227413177,0.962172386,"(38.3429985, -87.66400146)"
342,31542,38.8030014,-87.18199921,41.6016,124.8048,431007.2558,0.394229561,7.095508099,5.227407744,"(38.8030014, -87.18199921)"
343,33714,38.15599823,-87.82700348,37.2924,111.8772,395142.5769,0.403188497,7.249586105,1.615228162,"(38.15599823, -87.82700348)"
344,23674,41.08800125,-86.1309967,24.7374,74.2122,277103.7212,0.42624858,7.515223503,2.683663499,"(41.08800125, -86.1309967)"
345,22663,41.38899994,-86.23100281,11.8422,35.5266,131996.6756,0.424136102,7.468684673,8.974701249,"(41.38899994, -86.23100281)"
346,23672,41.10800171,-86.42099762,21.3354,64.0062,234461.4995,0.418162793,7.401049137,7.426301996,"(41.10800171, -86.42099762)"
347,22659,41.4280014,-86.81400299,36.3852,109.1556,406601.9475,0.425225526,7.454250336,0.753483096,"(41.4280014, -86.81400299)"
348,23669,41.13700104,-86.85600281,46.7532,140.2596,507666.3747,0.413182288,7.331243515,16.4449822,"(41.13700104, -86.85600281)"
349,21973,41.60300064,-86.49299622,30.618,91.854,334181.03,0.41531691,7.329771042,6.996285143,"(41.60300064, -86.49299622)"
350,23671,41.11800003,-86.56600189,30.9744,92.9232,335535.361,0.412201941,7.317462444,3.147195003,"(41.11800003, -86.56600189)"
351,30893,39.02500153,-87.57700348,31.1688,93.5064,322189.1284,0.393337578,7.072426796,7.192992768,"(39.02500153, -87.57700348)"
352,30255,39.20199966,-87.26999664,31.914,95.742,335746.047,0.400317252,7.167236805,13.75754736,"(39.20199966, -87.26999664)"
353,29939,39.29899979,-87.25700378,44.4852,133.4556,479020.2624,0.409744352,7.294956207,13.79293192,"(39.29899979, -87.25700378)"
354,28640,39.6969986,-87.34600067,31.7196,95.1588,329687.2166,0.395502329,7.097322464,0.035124874,"(39.6969986, -87.34600067)"
355,28318,39.7859993,-87.19100189,41.9256,125.7768,460084.2234,0.417573273,7.392751694,8.999633853,"(39.7859993, -87.19100189)"
356,29288,39.51100159,-87.51399994,37.7136,113.1408,406033.7672,0.409674376,7.266549587,0.356954941,"(39.51100159, -87.51399994)"
357,29289,39.50299835,-87.37200165,12.3363,37.0089,125488.0499,0.387072295,7.000812531,3.858727647,"(39.50299835, -87.37200165)"
358,28317,39.79499817,-87.33300018,38.6532,115.9596,406713.849,0.40038532,7.165456772,2.296252266,"(39.79499817, -87.33300018)"
359,29291,39.48500061,-87.08899689,23.247,69.741,252006.6419,0.412495971,7.326325893,4.471303943,"(39.48500061, -87.08899689)"
360,30894,39.01599884,-87.43599701,38.1024,114.3072,399804.4095,0.399272949,7.148468018,2.465960697,"(39.01599884, -87.43599701)"
361,25025,40.77600098,-87.34500122,61.4304,184.2912,687097.8463,0.425608099,7.491700649,2.122137947,"(40.77600098, -87.34500122)"
362,26035,40.45700073,-86.95400238,1.2717,3.8151,14355.18029,0.429535061,7.506083965,3.709703028,"(40.45700073, -86.95400238)"
363,26034,40.4659996,-87.09700012,35.4456,106.3368,397478.1909,0.426702917,7.473779678,6.638841603,"(40.4659996, -87.09700012)"
364,25026,40.76699829,-87.2009964,50.1876,150.5628,565318.4304,0.428618938,7.533288956,2.446446344,"(40.76699829, -87.2009964)"
365,26685,40.28099823,-87.26799774,39.5928,118.7784,426419.7134,0.409822404,7.274996758,2.554303434,"(40.28099823, -87.26799774)"
366,31867,38.6780014,-86.77500153,47.3688,142.1064,465396.6846,0.373857021,6.897685528,2.669224984,"(38.6780014, -86.77500153)"
367,33131,38.25,-86.27400208,49.2156,147.6468,445969.8061,0.344807982,6.585012913,10.69859466,"(38.25, -86.27400208)"
368,33431,38.15200043,-86.28800201,51.2244,153.6732,453025.7341,0.336527556,6.497650146,16.59458876,"(38.15200043, -86.28800201)"
369,25714,40.43199921,-85.21600342,42.8328,128.4984,483673.4256,0.429685205,7.578735352,6.49470675,"(40.43199921, -85.21600342)"
370,25041,40.61399841,-85.04000092,33.21,99.63,374875.2244,0.429529011,7.540192127,4.8104828,"(40.61399841, -85.04000092)"
371,26700,40.13000107,-85.12200165,32.2704,96.8112,378453.969,0.446255267,7.845507622,9.862310419,"(40.13000107, -85.12200165)"
372,27021,40.05500031,-85.4240036,37.2276,111.6828,433032.3688,0.442618906,7.795854092,2.157452534,"(40.05500031, -85.4240036)"
373,24019,40.9280014,-85.27799988,26.244,78.732,296102.7613,0.429325879,7.523711205,0.885686526,"(40.9280014, -85.27799988)"
374,24355,40.86299896,-85.72799683,41.31,123.93,466198.8488,0.429428279,7.515845299,3.606765006,"(40.86299896, -85.72799683)"
375,25036,40.66899872,-85.75900269,27.6048,82.8144,311905.6789,0.429945409,7.524041176,9.813479992,"(40.66899872, -85.75900269)"
376,26047,40.33499908,-85.23300171,30.2778,90.8334,346013.9618,0.434854478,7.651479721,0.029041941,"(40.33499908, -85.23300171)"
377,24699,40.72299957,-85.16699982,32.7564,98.2692,371175.5705,0.431179255,7.547019005,12.55752106,"(40.72299957, -85.16699982)"
378,26374,40.27000046,-85.6780014,30.9744,92.9232,350453.4999,0.43052873,7.567725182,7.53146125,"(40.27000046, -85.6780014)"
379,26372,40.29100037,-85.96399689,28.9332,86.7996,330618.4016,0.434815675,7.60901165,4.773050013,"(40.29100037, -85.96399689)"
380,33727,38.03499985,-86.02600098,36.612,109.836,329376.3878,0.342328966,6.581514359,10.03941492,"(38.03499985, -86.02600098)"
381,28981,39.4280014,-84.95400238,36.936,110.808,366687.0476,0.377763808,6.955294132,0.843360838,"(39.4280014, -84.95400238)"
382,27352,39.92399979,-85.01300049,35.9964,107.9892,407683.4993,0.430961728,7.604382515,2.381857141,"(39.92399979, -85.01300049)"
383,27680,39.86000061,-85.45600128,27.8964,83.6892,318085.9145,0.433881283,7.669729233,2.552464021,"(39.86000061, -85.45600128)"
384,30270,39.05099869,-85.16000366,34.1172,102.3516,346551.6456,0.386517555,7.111168385,0.068161001,"(39.05099869, -85.16000366)"
385,27677,39.89199829,-85.88200378,20.979,62.937,226813.2449,0.411394298,7.341519356,1.095795016,"(39.89199829, -85.88200378)"
386,30266,39.09400177,-85.72200012,36.7416,110.2248,362071.0008,0.37498191,6.884875774,0.677414371,"(39.09400177, -85.72200012)"
387,27679,39.87099838,-85.59799957,37.0332,111.0996,422231.0791,0.433844,7.660675526,1.168297208,"(39.87099838, -85.59799957)"
388,25039,40.63700104,-85.32700348,37.908,113.724,434154.9447,0.435801297,7.621675491,2.528016583,"(40.63700104, -85.32700348)"
389,27019,40.07600021,-85.70899963,11.2995,33.8985,126206.0395,0.425006479,7.519417763,0.969792519,"(40.07600021, -85.70899963)"
390,24017,40.94900131,-85.56700134,38.6208,115.8624,441201.9974,0.434701204,7.577817917,2.170103462,"(40.94900131, -85.56700134)"
391,24356,40.85200119,-85.58300018,33.5664,100.6992,374654.2769,0.424717903,7.456761837,4.263469789,"(40.85200119, -85.58300018)"
392,26045,40.35699844,-85.51899719,26.2764,78.8292,298747.4723,0.432626396,7.608382225,0.648476161,"(40.35699844, -85.51899719)"
393,25040,40.62599945,-85.18299866,45.9432,137.8296,523581.1823,0.43364808,7.590961456,9.63349487,"(40.62599945, -85.18299866)"
394,24354,40.8730011,-85.87200165,46.2672,138.8016,510713.0382,0.42002812,7.393840313,9.510194828,"(40.8730011, -85.87200165)"
395,25375,40.5719986,-85.77400208,19.8126,59.4378,228432.7272,0.438724101,7.660368443,5.050279669,"(40.5719986, -85.77400208)"
396,26042,40.38800049,-85.9489975,34.6032,103.8096,396906.5399,0.436462194,7.633190632,3.15258988,"(40.38800049, -85.9489975)"
397,22323,41.44499969,-85.63200378,21.3354,64.0062,241522.3904,0.430755913,7.548920155,3.500575708,"(41.44499969, -85.63200378)"
398,21978,41.55199814,-85.76200104,8.9343,26.8029,100066.1994,0.42618829,7.481983662,0.022397596,"(41.55199814, -85.76200104)"
399,22324,41.43399811,-85.48699951,13.2354,39.7062,150730.7592,0.433350652,7.582493782,8.327292267,"(41.43399811, -85.48699951)"
400,22665,41.36899948,-85.94000244,32.1732,96.5196,361859.6311,0.427977085,7.508777618,4.84602441,"(41.36899948, -85.94000244)"
401,21641,41.60599899,-85.16200256,0.6804,2.0412,7877.179984,0.440535694,7.683357716,4.11439802,"(41.60599899, -85.16200256)"
402,21640,41.61700058,-85.30799866,4.9086,14.7258,56848.74096,0.44069472,7.683977127,1.209979021,"(41.61700058, -85.30799866)"
403,30907,38.88899994,-85.61199951,45.0684,135.2052,442077.3484,0.373250812,6.885656357,9.576659008,"(38.88899994, -85.61199951)"
404,30908,38.87799835,-85.47200012,42.8652,128.5956,433790.0734,0.385078609,7.063033104,0.034778784,"(38.87799835, -85.47200012)"
405,30589,38.94200134,-85.03600311,38.232,114.696,357476.2505,0.355790883,6.758552551,9.187443019,"(38.94200134, -85.03600311)"
406,31874,38.60800171,-85.79799652,37.9728,113.9184,358207.4644,0.358952224,6.751309872,2.637786514,"(38.60800171, -85.79799652)"
407,32514,38.39199829,-85.55000305,24.9156,74.7468,234490.0854,0.358119339,6.752814293,2.501562847,"(38.39199829, -85.55000305)"
408,20979,41.8429985,-85.71499634,15.6087,46.8261,167795.1098,0.40906018,7.247275829,1.83838442,"(41.8429985, -85.71499634)"
409,22656,41.45600128,-87.2519989,7.9461,23.8383,90822.3443,0.434923947,7.639895916,1.762625437,"(41.45600128, -87.2519989)"
410,22999,41.34000015,-86.97399902,42.3792,127.1376,470160.0481,0.422150791,7.41045475,2.073686242,"(41.34000015, -86.97399902)"
411,23332,41.27000046,-87.4240036,41.6988,125.0964,464284.7127,0.423677564,7.404002666,8.321213901,"(41.27000046, -87.4240036)"
412,24344,40.97000122,-87.31900024,56.0844,168.2532,625803.4072,0.424590707,7.450605392,5.102267323,"(40.97000122, -87.31900024)"
413,23665,41.17300034,-87.43800354,42.5088,127.5264,463576.9379,0.414970875,7.325740337,18.25542376,"(41.17300034, -87.43800354)"
414,23335,41.24300003,-86.98799896,41.6988,125.0964,451200.2291,0.411737472,7.304303646,3.823557308,"(41.24300003, -86.98799896)"
415,23667,41.15499878,-87.14700317,39.3984,118.1952,434887.8039,0.420023203,7.415530682,2.083013977,"(41.15499878, -87.14700317)"
416,21966,41.66799927,-87.51799774,0.1134,0.3402,1251.66389,0.420000017,7.462124825,1.165591767,"(41.66799927, -87.51799774)"
417,32498,38.54600143,-87.77899933,49.3128,147.9384,528897.1507,0.408118427,7.28892374,7.183652472,"(38.54600143, -87.77899933)"
418,33125,38.30699921,-87.10700226,31.0392,93.1176,313275.0827,0.384051949,7.033111572,0.409064046,"(38.30699921, -87.10700226)"
419,31540,38.82099915,-87.46199799,45.7164,137.1492,476557.2072,0.396659315,7.131877422,4.680036787,"(38.82099915, -87.46199799)"
420,33426,38.20000076,-86.98200226,25.6932,77.0796,255973.7667,0.379098356,6.944581032,2.665635261,"(38.20000076, -86.98200226)"
421,31861,38.73199844,-87.61399841,38.232,114.696,396496.5767,0.394627243,7.096745968,0.877832956,"(38.73199844, -87.61399841)"
422,33122,38.33399963,-87.52500153,32.1894,96.5682,342710.8745,0.405125558,7.254281998,1.348469832,"(38.33399963, -87.52500153)"
423,34007,38.02399826,-87.28500366,19.2942,57.8826,191018.6665,0.376724333,6.915251255,2.957477449,"(38.02399826, -87.28500366)"
424,33423,38.22800064,-87.39800262,26.1792,78.5376,269176.4683,0.391250908,7.083143234,10.29550713,"(38.22800064, -87.39800262)"
425,33126,38.29800034,-86.96800232,21.4002,64.2006,217497.2235,0.38673237,7.060647488,2.978735744,"(38.29800034, -86.96800232)"
426,33123,38.32500076,-87.38600159,22.032,66.096,231599.5592,0.399998575,7.215617657,3.080225727,"(38.32500076, -87.38600159)"
427,34611,37.81999969,-87.17199707,22.1292,66.3876,216504.4174,0.372285128,6.87422657,6.195653573,"(37.81999969, -87.17199707)"
428,29292,39.47499847,-86.94799805,33.6636,100.9908,361983.5103,0.409169137,7.314171314,6.871733507,"(39.47499847, -86.94799805)"
429,25370,40.6230011,-86.4940033,31.9302,95.7906,357281.57,0.425778389,7.476741791,3.443546239,"(40.6230011, -86.4940033)"
430,26036,40.44800186,-86.80999756,2.1222,6.3666,23238.79917,0.416679382,7.35607338,3.94967431,"(40.44800186, -86.80999756)"
431,25702,40.55400085,-86.94000244,20.2176,60.6528,226288.045,0.425899029,7.485104084,1.860725053,"(40.55400085, -86.94000244)"
432,24348,40.93299866,-86.73999786,30.6666,91.9998,329941.1904,0.40939784,7.265880108,2.708084718,"(40.93299866, -86.73999786)"
433,25373,40.5929985,-86.06199646,43.578,130.734,505295.9384,0.441217929,7.694434643,2.524160902,"(40.5929985, -86.06199646)"
434,24351,40.90399933,-86.30599976,30.5046,91.5138,341492.9638,0.42598182,7.491702557,4.452527097,"(40.90399933, -86.30599976)"
435,25369,40.63199997,-86.63800049,24.4458,73.3374,262566.4769,0.408704728,7.248492241,7.187693279,"(40.63199997, -86.63800049)"
436,27013,40.13700104,-86.56600189,32.1732,96.5196,375719.6557,0.444369555,7.79165411,4.626817884,"(40.13700104, -86.56600189)"
437,24352,40.89400101,-86.16100311,29.1114,87.3342,324097.1336,0.423630029,7.448899269,6.136499413,"(40.89400101, -86.16100311)"
438,26040,40.4090004,-86.23600006,21.2382,63.7146,247468.8479,0.443381399,7.771235466,0.14161984,"(40.4090004, -86.23600006)"
439,33433,38.13199997,-86.01100159,34.7004,104.1012,339956.3586,0.372789204,6.973299026,6.091255092,"(38.13199997, -86.01100159)"
440,33723,38.07500076,-86.57900238,38.6208,115.8624,365810.0248,0.360420078,6.788161755,4.091240252,"(38.07500076, -86.57900238)"
441,30903,38.93099976,-86.17299652,32.9508,98.8524,332398.4692,0.383855432,7.079042912,1.30216864,"(38.93099976, -86.17299652)"
442,31870,38.64899826,-86.35600281,51.8724,155.6172,537009.6132,0.39393118,7.194093704,9.108280217,"(38.64899826, -86.35600281)"
443,32192,38.55199814,-86.37000275,52.164,156.492,540965.7034,0.394614905,7.213699818,4.824850613,"(38.55199814, -86.37000275)"
444,31872,38.62900162,-86.07700348,34.02,102.06,358456.8852,0.400938034,7.306446075,1.052752475,"(38.62900162, -86.07700348)"
445,33721,38.09400177,-86.85600281,24.4296,73.2888,239232.1446,0.37263,6.872578144,3.116323172,"(38.09400177, -86.85600281)"
446,32190,38.57099915,-86.64900208,38.4264,115.2792,381325.7909,0.377607942,6.979755878,7.163105457,"(38.57099915, -86.64900208)"
447,33724,38.06499863,-86.44100189,38.9448,116.8344,345449.6424,0.33752808,6.518391609,28.76952369,"(38.06499863, -86.44100189)"
448,33432,38.14199829,-86.14900208,35.0244,105.0732,330101.434,0.358633906,6.774514198,5.614528222,"(38.14199829, -86.14900208)"
449,32816,38.38600159,-86.81600189,35.478,106.434,368039.8323,0.39473927,7.176892281,2.71134795,"(38.38600159, -86.81600189)"
450,30254,39.21099854,-87.41100311,37.4868,112.4604,403235.8484,0.409312874,7.275118828,7.015747504,"(39.21099854, -87.41100311)"
451,29290,39.49399948,-87.23100281,21.4326,64.2978,228377.1458,0.405464113,7.244850636,0.22029798,"(39.49399948, -87.23100281)"
452,29940,39.29000092,-87.11599731,35.0244,105.0732,369179.7153,0.401089936,7.180865288,2.021784962,"(39.29000092, -87.11599731)"
453,29941,39.28099823,-86.97499847,47.6604,142.9812,505860.4345,0.403875649,7.235678673,7.93517885,"(39.28099823, -86.97499847)"
454,28316,39.8030014,-87.47599792,49.896,149.688,550407.8747,0.419752747,7.403943062,2.225970257,"(39.8030014, -87.47599792)"
455,29937,39.31700134,-87.53900146,34.4736,103.4208,353413.6938,0.39009589,7.028582573,0.318231361,"(39.31700134, -87.53900146)"
456,30896,38.9980011,-87.15499878,39.9816,119.9448,410632.1055,0.390811533,7.053886414,6.764689855,"(38.9980011, -87.15499878)"
457,29938,39.30799866,-87.39800262,32.9022,98.7066,356619.0091,0.412433743,7.338829994,3.993241485,"(39.30799866, -87.39800262)"
458,28319,39.77600098,-87.0490036,43.74,131.22,487813.2167,0.42437464,7.510126591,20.29551997,"(39.77600098, -87.0490036)"
459,30252,39.22800064,-87.69300079,48.9564,146.8692,521603.6826,0.405420601,7.220891953,0.97507782,"(39.22800064, -87.69300079)"
460,31862,38.72399902,-87.47399902,28.2852,84.8556,300407.2172,0.404134333,7.254275322,4.13937309,"(38.72399902, -87.47399902)"
461,28321,39.75799942,-86.76499939,39.69,119.07,449733.0168,0.431169778,7.602959156,11.06080106,"(39.75799942, -86.76499939)"
462,28001,39.82600021,-86.3239975,4.05405,12.16215,44521.74828,0.417885929,7.424412727,2.334779065,"(39.82600021, -86.3239975)"
463,29943,39.26200104,-86.69200134,26.2602,78.7806,276201.3771,0.400223374,7.260181427,1.7977707,"(39.26200104, -86.69200134)"
464,29622,39.33000183,-86.25499725,27.8154,83.4462,278371.9452,0.380815655,6.993427753,1.681487875,"(39.33000183, -86.25499725)"
465,28644,39.65999985,-86.77799988,37.2924,111.8772,415273.7659,0.423729599,7.51194191,2.892472823,"(39.65999985, -86.77799988)"
466,28324,39.72900009,-86.33799744,0.9072,2.7216,9699.969497,0.406857163,7.270115852,4.396618896,"(39.72900009, -86.33799744)"
467,28325,39.71900177,-86.19599915,2.6325,7.8975,24870.00972,0.359486192,6.74452877,0.752569151,"(39.71900177, -86.19599915)"
468,30898,38.97999954,-86.87400055,43.3188,129.9564,451100.0687,0.396251678,7.176682472,4.625139492,"(38.97999954, -86.87400055)"
469,28971,39.5340004,-86.36699677,30.9096,92.7288,299149.1479,0.368272275,6.80496645,0.567557834,"(39.5340004, -86.36699677)"
470,30901,38.95100021,-86.45300293,51.7752,155.3256,492023.7123,0.361608714,6.754285336,10.42407449,"(38.95100021, -86.45300293)"
471,28973,39.51399994,-86.08399963,29.5326,88.5978,318908.0495,0.410902172,7.335859299,4.794126494,"(39.51399994, -86.08399963)"
472,30900,38.95999908,-86.59400177,41.7636,125.2908,431499.1626,0.393148541,7.160928249,1.867455607,"(38.95999908, -86.59400177)"
473,31546,38.76599884,-86.6210022,58.644,175.932,589252.4621,0.382342398,7.045070648,14.09250257,"(38.76599884, -86.6210022)"
474,34014,37.95700073,-86.31600189,51.03,153.09,503479.4514,0.375431597,7.012845039,7.281945855,"(37.95700073, -86.31600189)"
475,32195,38.52099991,-85.95200348,40.0464,120.1392,399239.5375,0.37935403,7.027075768,6.785599758,"(38.52099991, -85.95200348)"
476,31221,38.88199997,-86.88800049,28.593,85.779,300566.4181,0.399995744,7.219055653,2.059921805,"(38.88199997, -86.88800049)"
477,33725,38.05500031,-86.30200195,47.6604,142.9812,446259.8908,0.356290966,6.775933743,0.295191287,"(38.05500031, -86.30200195)"
478,33726,38.04499817,-86.16400146,35.7696,107.3088,322416.4698,0.34298709,6.571749687,13.46922487,"(38.04499817, -86.16400146)"
479,34011,37.98699951,-86.73100281,22.6152,67.8456,218939.2045,0.368381441,6.860444069,1.230882846,"(37.98699951, -86.73100281)"
480,31869,38.6590004,-86.4960022,42.3144,126.9432,421014.3455,0.378602386,6.974360943,5.189707804,"(38.6590004, -86.4960022)"
481,31224,38.85300064,-86.46700287,22.0806,66.2418,210622.6469,0.362968415,6.77988863,2.477614529,"(38.85300064, -86.46700287)"
482,32510,38.43399811,-86.10600281,34.6032,103.8096,352313.5434,0.387425065,7.14055109,6.998017576,"(38.43399811, -86.10600281)"
483,24014,40.98099899,-86.00099945,30.6504,91.9512,344378.2795,0.427537531,7.511121273,10.08485839,"(40.98099899, -86.00099945)"
484,23340,41.19499969,-86.26100159,16.2486,48.7458,183963.2928,0.430814058,7.572620392,0.889400062,"(41.19499969, -86.26100159)"
485,21299,41.78699875,-86.31700134,11.4858,34.4574,132195.0715,0.437954158,7.655390739,8.132517732,"(41.78699875, -86.31700134)"
486,24008,41.04000092,-86.87000275,55.4688,166.4064,606290.6995,0.415917099,7.350570202,10.78686852,"(41.04000092, -86.87000275)"
487,24011,41.01100159,-86.43599701,47.5632,142.6896,524106.207,0.419298083,7.417040825,11.32453144,"(41.01100159, -86.43599701)"
488,24013,40.99100113,-86.14600372,25.8876,77.6628,292813.1251,0.430401117,7.570160866,8.425012364,"(40.99100113, -86.14600372)"
489,21634,41.68000031,-86.18499756,2.6568,7.9704,28695.45506,0.410987765,7.29272604,1.866397156,"(41.68000031, -86.18499756)"
490,23337,41.22399902,-86.6969986,24.8184,74.4552,269066.04,0.412533998,7.324016094,5.347087996,"(41.22399902, -86.6969986)"
491,22318,41.49599838,-86.36199951,12.4254,37.2762,140533.5504,0.430372268,7.569516659,3.129198239,"(41.49599838, -86.36199951)"
492,21633,41.68999863,-86.33200073,5.346,16.038,59008.49833,0.420010597,7.408599854,6.35146882,"(41.68999863, -86.33200073)"
493,29617,39.37799835,-86.96099854,41.2128,123.6384,441174.7563,0.407336354,7.293642998,3.436412929,"(39.37799835, -86.96099854)"
494,28965,39.5909996,-87.21800232,35.6724,107.0172,374648.9856,0.399638087,7.160848141,14.73978888,"(39.5909996, -87.21800232)"
495,27993,39.90100098,-87.46299744,36.936,110.808,394718.495,0.40664202,7.238556862,3.170559542,"(39.90100098, -87.46299744)"
496,29616,39.38700104,-87.10199738,36.0936,108.2808,379137.5388,0.399706513,7.147191048,11.03655862,"(39.38700104, -87.10199738)"
497,30573,39.10400009,-87.28299713,27.7344,83.2032,286560.8587,0.393163085,7.091284752,1.657261429,"(39.10400009, -87.28299713)"
498,29613,39.41400146,-87.52700043,25.4178,76.2534,265128.7,0.396911263,7.103018284,2.673952793,"(39.41400146, -87.52700043)"
499,27996,39.87400055,-87.03500366,52.3584,157.0752,592441.1555,0.430559814,7.592725277,6.455625587,"(39.87400055, -87.03500366)"
500,30570,39.13100052,-87.70500183,40.1112,120.3336,432322.9464,0.410125971,7.306602955,3.655994971,"(39.13100052, -87.70500183)"
501,25712,40.45399857,-85.50299835,3.5802,10.7406,41264.46285,0.438574672,7.682868004,4.659031509,"(40.45399857, -85.50299835)"
502,27024,40.02099991,-84.9960022,35.7696,107.3088,419926.2742,0.446718156,7.835958958,13.70326859,"(40.02099991, -84.9960022)"
503,27337,40.07699966,-87.15100098,51.1596,153.4788,585132.5675,0.43521291,7.632655621,2.216251677,"(40.07699966, -87.15100098)"
504,27336,40.08599854,-87.29399872,44.064,132.192,490624.9885,0.423682362,7.45751524,2.295072273,"(40.08599854, -87.29399872)"
505,26364,40.36899948,-87.11100006,27.2484,81.7452,296907.2123,0.414623946,7.349303246,2.526063332,"(40.36899948, -87.11100006)"
506,24683,40.88199997,-87.47699738,58.158,174.474,648290.7382,0.424165159,7.424884319,9.67296484,"(40.88199997, -87.47699738)"
507,34608,37.84600067,-87.58699799,25.9362,77.8086,253358.0261,0.3717089,6.85474062,5.160231496,"(37.84600067, -87.58699799)"
508,34303,37.92599869,-87.29799652,14.7582,44.2746,142766.1187,0.368100494,6.807188511,2.611736816,"(37.92599869, -87.29799652)"
509,34301,37.94400024,-87.5739975,18.063,54.189,170729.7269,0.35966146,6.712183475,3.875771427,"(37.94400024, -87.5739975)"
510,34924,37.75699997,-87.73699951,33.858,101.574,343048.064,0.385538995,7.033633232,2.516553974,"(37.75699997, -87.73699951)"
511,34304,37.91699982,-87.15899658,26.8596,80.5788,266186.5401,0.377104044,6.919493198,0.982908109,"(37.91699982, -87.15899658)"
512,34302,37.93500137,-87.43599701,29.2572,87.7716,282985.6587,0.368049562,6.813114166,8.279369798,"(37.93500137, -87.43599701)"
513,34607,37.85499954,-87.72499847,16.1595,48.4785,158405.084,0.373006016,6.868350983,5.592079065,"(37.85499954, -87.72499847)"
514,34606,37.86299896,-87.86299896,17.2044,51.6132,168808.3818,0.37336114,6.856868744,10.22349915,"(37.86299896, -87.86299896)"
515,34923,37.76599884,-87.875,23.1012,69.3036,233992.1537,0.385426342,7.041420937,4.954613213,"(37.76599884, -87.875)"
516,34305,37.90800095,-87.02100372,19.6668,59.0004,191253.802,0.370041996,6.846994877,2.353259895,"(37.90800095, -87.02100372)"
517,24692,40.79700089,-86.1760025,26.3412,79.0236,281985.6583,0.407348484,7.23504591,0.379274923,"(40.79700089, -86.1760025)"
